308
330
661
680
909
897
628
272
950
818
135
367
189
548
940
584
372
203
223
592
503
667
101
584
582
724
687
565
475
433
552
64
33
159
525
473
393
958
181
750
43
623
36
673
149
351
732
99
904
75
79
783
963
65
833
994
25
769
127
45
156
727
122
527
962
812
122
64
920
120
678
280
844
217
810
871
392
371
391
747
837
923
894
248
789
263
151
994
703
862
86
570
381
795
870
984
386
318
109
420
839
345
725
479
299
56
342
556
132
150
166
317
38
918
524
258
219
541
660
468
796
256
388
692
462
728
336
759
313
557
90
601
287
664
980
371
207
979
670
395
711
934
611
677
759
881
945
68
758
735
639
109
117
197
534
525
640
312
141
646
64
181
274
840
678
947
40
754
351
819
988
400
485
136
237
573
710
508
612
551
470
13
30
452
709
815
67
557
33
373
214
778
264
687
236
206
8
772
929
577
774
924
421
328
958
106
973
578
616
717
221
449
439
147
375
157
348
247
607
884
524
61
743
516
369
56
354
850
46
612
673
970
211
628
891
869
305
476
30
599
669
451
46
527
256
789
961
862
949
679
298
107
126
430
759
252
491
475
668
94
751
989
305
354
835
994
796
783
44
825
714
869
493
643
64
872
55
573
707
842
753
738
17
418
561
943
571
0
653
529
481
845
931
930
773
981
993
990
919
528
433
23
40
570
467
773
686
911
681
920
790
869
571
552
64
643
68
31
199
747
388
272
744
484
765
281
296
742
144
602
833
674
286
594
20
326
978
172
608
126
127
583
794
718
172
627
856
427
972
67
713
340
0
265
263
249
959
592
384
736
862
499
292
912
695
152
720
637
753
366
348
477
100
308
95
526
691
721
463
737
962
75
713
806
983
579
992
487
942
401
858
708
295
55
962
317
478
682
565
330
381
318
696
925
30
760
668
993
839
411
656
707
99
164
770
438
600
549
330
690
605
459
537
544
869
758
173
394
967
132
385
406
443
766
898
102
205
496
428
948
610
263
535
130
509
771
67
753
912
190
570
13
55
696
207
422
985
539
692
850
959
836
784
257
424
247
880
442
587
426
875
641
940
556
451
604
652
953
885
132
771
134
535
778
871
616
995
832
337
382
293
605
458
13
920
898
101
791
602
922
436
987
319
870
453
311
963
528
680
801
275
312
150
378
892
619
972
999
380
366
410
160
553
166
217
661
372
777
89
951
106
437
663
130
593
795
90
890
218
106
603
696
67
342
785
285
363
588
514
834
719
25
336
895
330
281
75
553
955
28
137
874
733
605
562
716
315
986
183
601
777
846
867
570
40
213
563
649
876
268
641
366
751
888
378
777
670
296
113
223
551
94
290
886
169
466
110
384
741
145
954
62
739
167
225
205
184
75
435
820
206
165
77
141
579
490
331
73
236
25
851
3
340
405
743
617
52
846
904
343
154
243
567
977
608
127
356
379
213
278
273
248
465
714
455
373
594
595
580
599
526
473
354
148
277
696
584
935
86
535
547
214
53
408
913
669
744
529
6
949
431
641
653
545
60
524
849
192
691
143
749
52
439
357
18
27
376
851
891
674
790
71
436
218
755
716
121
380
405
17
850
400
253
980
767
376
83
634
720
334
708
687
897
255
203
291
351
996
416
144
11
349
611
915
128
230
300
200
776
297
313
940
351
672
64
782
292
276
657
88
966
108
900
689
843
59
267
708
773
769
678
821
722
909
515
60
833
110
36
851
164
811
765
792
127
687
820
542
951
274
300
201
739
561
783
549
765
324
849
769
877
34
248
860
350
452
887
491
16
598
379
11
644
676
529
829
125
79
829
200
582
298
653
475
364
756
625
956
612
918
451
249
240
39
3
495
665
120
569
86
655
337
761
115
193
438
315
584
320
348
863
202
671
680
766
868
653
549
748
622
420
334
618
710
711
793
463
79
832
895
593
212
634
684
641
480
122
298
55
213
341
70
238
979
774
958
257
521
452
116
600
543
857
583
668
602
781
308
975
163
645
217
67
755
218
635
771
354
707
897
983
702
750
412
218
794
233
578
481
867
750
393
340
647
830
879
105
415
760
341
93
323
987
617
642
739
831
568
940
945
984
994
745
16
200
971
631
88
79
209
329
320
749
359
573
567
253
29
791
185
631
888
579
723
781
820
136
878
56
951
288
872
656
844
957
883
539
296
925
383
100
249
239
153
547
212
471
764
164
108
975
104
803
289
205
673
675
938
390
374
999
115
109
159
672
290
205
590
326
791
345
307
867
671
508
586
168
697
66
543