820
77
637
303
333
100
91
919
470
293
473
20
640
824
671
561
205
550
149
162
714
616
195
855
342
700
562
62
278
24
35
290
514
830
226
543
307
649
414
172
465
14
432
738
227
700
560
423
224
592
913
822
511
995
366
389
196
993
986
535
110
789
455
333
226
247
384
864
199
84
880
527
373
307
32
356
793
811
221
627
573
845
2
316
488
184
537
774
772
800
890
73
440
654
945
97
859
970
249
662
498
549
484
60
919
812
185
270
81
300
207
377
177
762
914
735
711
600
788
806
708
886
485
1000
898
394
964
975
214
348
705
356
90
64
655
5
752
317
253
762
302
572
159
870
131
860
689
559
227
44
779
706
249
755
904
943
841
830
288
596
685
593
891
738
673
204
12
547
529
988
580
217
35
159
123
344
744
411
58
851
202
538
772
486
143
48
897
409
421
558
162
729
220
475
800
815
957
616
625
783
12
901
624
270
191
377
905
838
81
799
421
93
602
637
39
366
364
807
550
141
639
291
895
432
122
731
358
257
312
124
256
609
998
636
373
456
764
207
475
490
374
752
407
919
496
923
795
495
13
611
494
298
243
604
112
565
440
681
167
95
473
54
228
801
714
502
28
574
339
222
574
887
604
375
389
750
193
256
292
768
289
511
446
403
54
130
49
412
499
606
384
167
351
135
898
695
515
873
598
955
551
910
84
522
526
808
569
108
647
578
52
742
84
1000
950
224
901
770
688
826
22
594
808
335
969
857
156
899
81
57
700
967
198
670
144
420
637
916
761
112
837
421
356
963
145
3
178
570
642
996
427
998
432
601
354
371
410
89
282
140
264
531
469
23
958
836
969
768
451
64
22
442
958
283
312
968
304
773
74
406
428
270
340
259
710
130
953
799
862
462
321
731
577
674
848
424
274
557
121
671
979
14
276
566
933
664
734
391
703
458
703
507
811
394
401
311
429
483
162
482
743
646
190
804
317
200
745
603
280
168
51
19
169
595
367
438
14
840
664
704
852
180
1000
406
415
946
696
562
90
136
174
662
339
796
132
231
716
385
766
18
568
522
844
842
640
668
706
818
238
628
524
598
570
675
900
621
617
392
708
35
11
286
607
950
603
22
220
207
171
639
113
954
152
71
11
912
742
228
738
734
139
943
819
489
105
186
252
459
43
982
302
812
327
170
468
811
217
770
992
136
319
167
487
723
88
178
320
820
197
147
720
211
284
540
111
942
665
703
487
771
942
162
389
583
474
183
648
889
416
851
566
657
361
310
918
259
833
480
670
314
405
184
821
244
791
992
23
137
593
603
689
714
536
687
534
46
446
523
969
583
847
931
621
577
834
527
681
98
709
575
975
447
643
141
768
542
655
370
946
421
314
635
364
517
663
759
986
653
168
3
934
39
964
581
653
188
247
473
676
512
610
275
285
366
358
177
497
473
857
771
177
802
602
424
457
262
560
372
797
740
948
559
858
96
46
193
629
496
719
412
915
393
503
330
237
155
558
705
806
832
490
337
923
708
94
547
55
913
978
279
212
344
797
88
365
401
169
335
577
389
891
18
753
145
477
587
975
501
693
40
886
842
634
489
465
583
836
117
8
248
113
206
413
933
707
927
208
424
383
529
675
14
950
824
892
322
5
140
632
743
891
481
809
664
599
468
513
68
567
391
633
897
397
639
288
839
521
904
779
827
977
326
483
611
817
142
510
371
548
43
79
816
839
405
539
967
80
23
859
521
535
563
448
715
503
225
150
666
468
647
584
826
941
454
169
248
556
908
299
442
722
458
565
298
705
815
557
668
375
58
307
267
200
151
880
251
565
950
33
713
816
871
737
995
802
110
876
240
664
582
596
675
703
592
277
467
566
692
985
709
346
1000
847
635
69
179
751
762
538
442
262
278
687
139
742
70
556
943
117
930
422
731
312
273
321
873
295
211
285
940
169
23
467
533
360
53
901
865
147
982
47
890
992
916
464
85
158
75
391
257
902
537
95
445
72
186
179
679
542
94
69
737
972
135
21
372
631
243
497
697
506
607
908
41
496
808
950
569
693
322
118
773
376
373
656
181
342
170
421
313
83
926
35
576
851
82
354
80
84
358
96
955
774
595
253
802
313
548
98
153
990
715
64
319
434
950
97
950
399
396
625
745
175
115
498
905
921
964
362
158
613
900
112
626
37
779
786
120
474
901
481
498
201
34
943
815
651
53
973
392
140
67
883
61
602
226
845
824
594
778
502
146
397
486
461
809
399
44
979
210
134
397
906
650
818
409
447
871
581
722
131
102
32
541
903
244
66
525
261
569
370
336
620
712
922
421
666
305
578
634
328
583
643
873
914
28
22
206
125
736
370
875
195
111
244
748
0
263
183
130
28
905
893
450
779
229
561
358
197
869
852
681
265
288
802
119
680
320
952
895
86
626
632
719
106
465
398
41
231
863
882
32
35
450
703
417
634
329
873
692
876
224
642
838
771
408
105
870
401
381
335
706
285
530
317
976
574
549
17
696
289
865
243
783
806
800
755
105
953
702
538
733
683
971
548
110
271
146
710
564
454
719
637
506
951
649
983
287
0
252
834
684
956
20
494
237
685
309
624
484
398
663
433
678
119
59
503
843
371
823
442
829
917
708
413
900
612
9
923
13
274
254
506
484
46
120
543
758
127
963
108
50
180
11
223
234
462
407
439
701
732
382
135
534
409
386
830
677
846
272
826
267
894
723
364
728
276
856
160
449
595
61
372
551
46
908
68
577
919
877
69
596
541
61
21
522
794
214
777
174
886
40
226
685
222
161
420
547
168
405
461
197
675
913
513
653
219
1
600
396
664
426
539
633
954
510
973
14
174
956
641
507
859
795
938
726
49
213
958
317
314
324
370
422
964
660
835
840
153
462
441
128
309
717
147
320
217
441
775
702
822
938
259
92
663
952
105
52
585
992
827
545
986
38
452
507
290
981
451
156
279
737
504
264
606
194
764
552
919
959
135
500
981
252
436
241
559
533
960
636
252
448
453
869
40
452
545
828
751
235
437
761
564
883
80
541
385
250
516
489
969
367
905
543
347
773
958
884
507
327
224
713
283
927
978
184
422
479
275
725
414
488
216
537
277
869
911
561
312
373
11
618
939
674
255
490
906
974
88
479
361
373
86
520
920
874
855
64
390
262
665
299
377
619
849
256
16
737
164
106
153
593
221
454
466
419
917
100
416
72
508
148
182
310
634
831
513
938
322
252
361
730
763
724
989
701
535
222
673
249
79
760
3
656
948
242
545
292
689
190
121
526
213
600
243
519
187
58
669
719
145
789
637
954
371
861
818
400
227
800
66
489
251
865
359
490
117
197
768
781
465
927
314
385
236
674
815
541
338
26
329
59
231
158
714
149
618
976
80
8
378
879
859
153
267
163
71
868
103
843
923
831
441
736
100
907
878
208
736
305
314
56
266
876
567
358
522
909
618
725
836
448
125
87
948
38
466
485
781
603
740
514
927
336
996
176
52
746
587
458
591
534
514
630
642
836
585
859
870
71
768
634
704
73
961
485
456
252
394
22
663
568
551
998
368
330
609
737
195
169
626
446
856
486
873
299
68
676
247
692
453
751
282
97
121
809
869
624
164
993
737
388
243
822
142
210
184
724
133
27
26
844
212
449
554
753
336
959
420
832
271
348
137
349
168
705
804
469
169
23
943
989
409
52
486
959
425
777
879
585
286
81
153
53
288
386
885
652
487
178
868
627
7
24
170
606
823
816
248
458
255
896
36
404
419
248
95
765
162
845
393
80
347
463
365
466
327
121
578
186
616
816
696
543
324
574
425
345
95
328
157
368
430
530
146
110
315
182
352
68
809
286
687
208
842
639
873
90
222
296
873
669
57
602
95
819
942
187
510
712
730
63
265
274
665
77
273
679
415
759
76
14
269
713
73
791
819
719
10
695
474
994
570
8
434
901
207
981
814
268
304
739
204
858
886
440
366
375
174
222
169
571
246
773
879
380
457
551
283
777
12
168
357
381
940
9
542
540
530
700
321
466
465
561
379
265
222
358
134
456
955
296
502
566
262
493
921
788
173
799
801
131
711
755
242
641
307
435
87
496
783
468
120
627
487
155
75
369
35
770
532
340
68
935
174
466
533
589
169
564
77
497
856
100
163
821
937
69
520
417
348
342
588
895
776
352
339
460
28
953
569
571
182
306
430
896
491
672
876
322
930
278
687
814
332
579
896
479
778
774
719
532
661
4
368
903
492
414
326
268
601
403
322
671
249
114
207
918
161
363
71
118
722
204
914
700
719
993
642
588
633
392
684
169
949
941
497
731
824
605
697
264
152
305
871
845
351
25
489
438
518
173
920
380
133
176
830
136
182
997
307
452
310
164
685
20
126
782
961
195
659
354
762
871
839
204
15
233
861
790
73
113
268
682
914
978
540
555
592
933
659
411
104
219
561
345
994
187
687
416
827
784
52
337
501
644
959
514
211
218
798
347
519
102
506
153
25
136
69
235
232
78
700
371
240
437
716
928
902
537
248
660
291
136
666
273
650
929
172
421
859
662
949
812
707
697
477
327
770
76
677
215
654
618
710
645
94
558
157
632
429
752
635
489
123
491
995
875
602
769
892
557
167
761
398
95
525
468
798
86
182
875
675
382
411
32
840
546
234
372
945
376
201
979
200
583
240
781
973
757
352
967
637
397
910
250
715
123
826
557
189
35
839
682
194
668
639
434
302
572
922
39
849
324
828
597
308
862
388
901
311
697
529
835
818
257
472
738
750
832
343
733
579
249
716
198
45
151
785
133
602
190
813
714
241
942
453
82
913
592
687
666
545
490
990
798
103
93
796
478
714
900
729
465
107
2
711
183
988
108
634
673
674
743
906
875
20
1000
763
442
113
768
960
162
185
94
390
448
533
521
693
237
175
898
82
629
786
809
933
332
996
182
327
337
795
352
561
807
70
162
508
216
800
730
943
298
236
890
93
245
547
827
497
165
403
306
487
460
519
530
872
772
386
705
242
537
503
424
141
333
365
724
489
330
944
268
730
660
251
954
855
676
962
416
274
66
521
589
777
17
803
79
712
624
368
381
873
805
367
545
105
345
953
97
978
903
318
429
769
865
661
403
131
6
1000
165
853
954
290
959
622
581
149
781
445
399
293
193
581
658
959
263
895
645
140
968
587
915
895
544
294
472
354
276
485
13
740
310
437
666
808
260
853
910
672
637
137
203
703
400
620
331
546
59
993
326
460
483
96
982
435
558
394
771
818
420
351
545
947
328
871
474
611
262
920
570
11
51
945
88
391
597
900
277
445
611
884
558
275
80
744
24
642
360
128
184
833
898
10
710
821
797
579
22
400
560
100
688
584
954
718
153
945
459
229
869
301
622
336
644
469
500
195
607
970
652
873
53
74
135
570
719
163
115
293
692
464
867
904
519
652
790
728
234
248
690
292
745
160
203
591
261
730
646
359
133
528
171
434
163
71
457
863
187
83
32
78
543
123
834
100
873
158
257
265
662
484
341
38
967
756
16
357
336
60
431
939
813
455
881
643
619
606
836
419
414
73
942
382
523
444
636
708
522
925
928
407
139
828
139
316
19
978
5
747
291
502
703
770
122
469
921
341
434
433
969
94
785
756
620
759
878
915
51
529
631
905
775
315
954
173
79
445
651
787
331
853
73
303
219
523
383
6
161
284
841
655
23
789
764
262
370
123
221
217
844
22
792
561
537
18
803
358
670
349
220
715
134
481
166
900
767
298
711
666
296
179
446
521
346
333
897
103
524
223
391
610
881
381
49
95
246
580
164
353
335
884
93
501
67
601
849
693
514
652
562
816
321
956
213
614
331
281
350
759
288
564
239
953
627
628
159
596
485
7
506
98
467
119
789
129
286
672
471
409
979
893
300
131
679
452
366
685
280
887
309
96
222
766
706
323
397
9
64
886
454
486
809
994
677
81
826
910
500
237
32
710
547
940
452
493
86
766
895
487
427
199
184
791
983
540
970
79
796
514
560
795
452
935
273
483
249
874
963
551
685
317
768
809
616
944
722
634
268
716
143
643
892
578
633
437
307
993
491
247
474
647
55
896
888
619
192
365
810
323
27
999
117
390
543
628
177
388
170
738
720
75
215
85
917
191
705
28
490
140
988
171
826
838
146
725
664
25
454
157
612
93
658
69
508
120
631
476
643
383
837
118
291
553
301
990
169
794
86
24
819
176
846
291
295
937
89
873
994
582
871
386
387
899
673
551
719
928
110
950
78
866
471
293
994
382
634
288
140
790
759
829
66
728
704
521
739
229
460
807
29
433
350
674
434
904
368
864
856
153
233
876
140
632
935
761
876
532
531
957
120
86
724
894
631
557
576
932
960
164
676
768
976
441
626
107
990
348
160
460
853
780
775
318
66
593
1000
636
350
508
552
423
263
238
79
30
326
483
459
458
45
716
258
811
963
690
393
418
944
503
964
876
358
465
137
642
960
617
982
679
277
851
794
883
321
497
245
785
427
70
760
441
303
10
983
749
393
177
294
186
781
392
802
540
260
89
715
350
328
810
350
185
865
142
933
786
248
24
722
245
265
790
508
74
755
589
255
889
864
116
709
313
568
176
401
319
572
266
447
275
934
199
741
702
83
419
43
563
460
761
362
194
817
652
202
350
879
722
215
355
526
17
271
36
681
272
996
926
32
5
519
575
194
4
254
693
260
372
182
774
513
649
307
433
603
198
782
817
275
579
676
595
559
106
120
358
858
714
784
870
752
925
987
114
37
842
581
71
917
594
548
370
271
602
753
950
895
270
531
276
93
398
789
89
134
257
242
397
353
911
341
410
570
948
761
23
49
447
30
971
730
997
578
277
979
562
79
949
774
782
214
77
682
475
608
624
763
882
465
621
764
616
946
467
532
87
659
161
164
213
236
112
742
407
97
483
935
974
10
143
377
595
146
602
910
828
433
482
949
740
35
737
393
728
241
421
120
374
598
559
182
145
699
716
290
892
870
763
171
357
861
174
396
991
247
979
915
969
700
567
816
996
100
550
144
71
267
573
517
305
497
773
921
70
552
522
258
825
874
159
322
427
265
550
758
724
513
851
133
732
699
514
256
474
911
457
539
359
311
591
609
11
850
815
93
72
538
454
248
258
75
827
492
304
862
847
125
398
635
460
603
138
219
141
261
625
715
999
758
473
610
692
498
555
297
435
651
298
259
224
232
333
300
493
17
370
285
708
475
956
856
212
597
960
192
109
917
174
730
746
712
12
196
112
517
931
645
416
938
479
736
514
265
305
164
761
402
722
673
66
155
858
410
390
676
530
9
606
382
873
872
48
671
410
886
403
279
756
857
676
258
422
968
733
255
774
440
1
897
74
593
95
303
60
879
956
607
29
401
397
74
7
604
513
797
209
551
974
690
446
467
414
848
422
679
508
309
58
105
518
779
39
414
353
577
274
951
189
376
127
40
456
315
136
176
870
586
709
323
421
390
300
140
233
826
382
214
561
601
525
167
886
227
990
682
288
218
302
91
916
666
236
256
424
18
841
405
965
763
626
896
988
55
734
964
883
805
918
854
913
386
827
959
557
199
450
731
991
797
778
465
206
197
341
67
525
991
835
877
580
295
628
8
91
441
896
601
754
545
826
841
58
523
237
960
877
938
869
739
622
775
731
226
767
736
297
369
99
859
354
231
176
170
913
364
561
243
863
116
506
690
662
2
430
798
250
179
563
702
739
800
907
3
750
12
583
790
38
490
349
904
242
178
968
847
823
14
454
599
251
135
597
344
498
107
531
6
178
26
272
65
747
281
635
347
643
753
198
883
583
332
942
216
44
620
371
929
989
602
848
182
642
947
651
49
809
36
58
400
758
308
604
202
426
64
289
692
807
456
939
855
367
821
799
626
58
223
879
539
345
954
252
133
755
933
903
250
131
728
840
842
336
689
6
665
956
118
698
989
576
197
815
244
505
425
24
11
167
575
165
352
588
386
317
405
153
650
61
69
339
37
575
545
880
225
750
142
460
498
693
616
407
125
118
311
212
329
134
363
955
188
500
600
98
179
646
726
172
25
631
627
873
191
598
375
487
756
772
809
103
116
135
705
118
487
61
1
358
846
53
146
465
424
393
800
591
410
507
956
462
933
491
289
675
19
685
515
957
855
10
660
760
905
779
465
301
31
615
445
764
989
27
259
662
905
397
967
652
297
485
673
654
78
439
427
192
228
198
305
726
434
754
245
400
914
999
688
887
841
440
419
275
750
592
64
467
619
10
110
940
150
352
222
449
568
319
89
290
896
942
617
574
300
911
9
443
491
606
925
523
118
978
84
744
304
495
534
544
662
131
745
442
119
595
69
261
129
125
101
553
187
213
562
808
605
453
294
89
888
573
520
897
514
887
377
308
886
284
706
576
867
55
958
335
298
304
791
385
541
225
27
434
585
229
899
865
742
258
205
152
126
990
915
184
293
878
153
758
933
892
211
926
802
639
15
823
806
569
933
932
748
382
113
970
51
711
611
605
161
595
67
445
685
977
786
65
841
207
416
192
510
6
72
952
841
749
315
172
698
483
15
632
731
379
67
181
211
100
813
144
48
749
513
201
285
38
476
309
281
636
638
720
307
423
966
506
974
235
224
426
614
526
605
777
494
332
779
712
739
32
122
493
438
878
481
445
211
777
774
42
947
159
976
705
61
380
915
302
659
288
428
715
973
795
257
774
298
863
679
722
314
593
977
309
644
82
84
874
149
428
807
61
766
549
865
580
804
205
490
23
246
196
296
104
923
203
237
457
861
548
706
422
447
605
595
847
624
346
433
976
702
499
888
615
916
888
769
403
832
234
587
44
102
194
347
536
436
901
804
471
37
101
303
480
598
917
546
478
61
505
661
232
646
126
68
842
543
486
562
168
507
602
283
113
552
360
526
866
246
124
87
358
726
25
882
459
624
476
400
133
302
506
61
625
531
913
43
901
10
343
430
817
538
790
811
242
862
322
923
926
582
788
652
995
807
980
798
449
238
322
828
948
283
318
531
56
815
607
265
418
980
297
447
124
966
103
969
834
18
159
88
512
875
792
819
188
577
201
923
379
516
606
492
738
558
851
343
2
420
888
206
653
288
16
955
905
784
894
871
487
699
95
919
720
394
507
57
105
41
26
446
338
109
316
773
368
85
24
50
421
39
914
122
700
90
94
612
705
227
690
872
992
44
583
610
867
187
364
649
910
64
798
292
513
94
457
485
48
985
152
824
71
254
432
191
322
638
798
163
164
212
199
517
865
328
2
443
684
141
301
995
648
103
182
706
748
805
919
983
34
471
682
395
115
242
237
91
210
7
839
652
272
681
543
604
845
128
5
689
614
519
626
366
607
938
330
624
33
138
434
822
524
896
146
118
76
71
646
367
209
994
291
325
176
626
627
795
13
457
89
130
306
915
697
224
426
585
687
680
248
843
796
672
278
272
451
897
908
465
610
289
223
824
371
163
908
124
938
53
724
491
240
493
170
122
348
651
668
430
135
877
441
227
276
717
591
9
863
676
319
632
641
94
932
356
914
433
770
134
579
620
961
929
489
199
276
38
552
900
925
656
311
197
538
685
596
501
370
344
306
229
669
595
574
573
180
364
74
661
312
440
812
277
178
724
310
81
363
4
191
626
484
661
237
731
456
430
736
300
166
760
990
207
77
129
441
541
845
935
630
74
37
709
831
175
13
325
677
731
491
948
83
782
352
363
961
528
954
471
580
956
541
633
834
596
151
26
413
507
39
4
527
593
158
694
591
368
635
838
0
824
375
171
164
383
998
604
82
995
636
369
337
1
87
901
998
21
344
810
238
833
981
77
604
776
250
72
802
835
332
289
998
204
941
738
975
888
323
814
998
317
959
843
791
874
299
474
59
621
858
774
276
519
114
794
554
894
30
351
597
947
638
32
306
907
730
915
88
742
178
890
66
566
390
892
428
392
489
872
264
707
543
341
922
637
932
805
307
216
530
209
983
152
932
310
499
154
356
825
404
114
300
972
234
534
998
74
377
340
283
628
35
707
86
553
495
719
626
481
172
616
860
169
703
612
58
182
108
787
480
987
377
486
670
645
360
46
422
809
194
574
989
269
452
434
196
866
912
174
701
733
535
924
805
639
393
995
387
528
537
953
250
162
765
133
339
211
726
809
623
570
7
122
45
316
826
823
552
499
79
962
892
745
862
546
992
428
497
330
38
833
359
637
818
378
174
909
505
490
690
766
971
833
998
723
434
609
625
873
551
269
606
120
54
365
105
237
401
19
84
224
959
576
686
394
28
934
349
140
582
488
392
414
402
861
91
826
777
246
735
985
882
162
145
204
514
605
626
379
342
73
150
706
195
19
813
343
676
320
647
824
781
57
350
601
514
561
342
632
739
66
266
707
79
476
325
354
896
760
208
920
847
535
415
258
685
354
20
644
791
740
915
407
306
745
269
127
195
14
92
315
535
50
686
113
819
108
208
344
931
242
164
347
720
633
198
440
27
419
872
226
712
61
475
386
240
421
472
920
437
699
302
720
317
574
582
866
439
909
400
665
490
38
218
301
385
737
925
445
461
735
810
983
942
618
813
340
2
947
275
338
372
629
308
867
578
33
638
646
387
31
291
513
460
879
217
221
199
458
558
978
335
193
251
514
452
169
496
181
889
632
82
194
552
691
743
404
246
710
803
293
608
678
830
811
21
239
83
31
80
684
12
319
862
61
428
304
165
764
922
857
553
605
134
968
864
889
29
886
51
202
999
43
197
553
913
606
30
646
981
954
890
182
946
635
211
70
836
715
670
159
766
498
572
477
14
933
920
178
748
724
1
917
312
249
980
236
709
539
988
564
722
306
276
256
737
693
560
310
59
266
888
614
212
919
975
933
887
254
249
340
850
84
304
75
627
143
396
320
190
374
875
207
760
626
623
816
565
985
921
201
144
152
296
78
252
317
408
37
242
494
81
236
457
906
670
84
894
783
864
700
988
903
632
795
471
989
190
593
894
894
609
511
283
669
416
247
864
216
789
410
618
69
486
237
738
379
822
158
190
401
433
529
806
214
216
10
166
261
504
100
603
891
730
780
184
672
231
558
475
215
67
843
351
823
373
928
475
203
434
493
841
631
907
668
760
34
549
355
194
743
833
753
112
214
345
325
274
33
153
952
131
302
596
398
688
550
217
319
231
902
478
821
783
613
773
994
381
307
6
432
814
211
207
111
932
720
20
197
813
707
599
457
854
417
724
524
144
675
968
802
700
840
322
14
783
693
249
84
911
965
617
270
440
96
429
671
643
640
581
143
532
500
551
452
69
897
611
294
220
160
320
896
330
472
780
669
505
286
893
346
476
576
405
718
255
306
613
302
444
998
623
932
623
351
184
42
76
406
315
539
575
376
492
460
252
752
748
344
811
661
24
359
256
90
756
414
256
330
618
399
868
729
78
383
210
838
978
866
793
813
565
471
134
468
694
507
890
674
741
22
571
681
859
716
750
284
931
681
648
710
42
755
82
326
879
116
454
370
494
783
306
966
743
650
813
945
692
272
708
223
403
128
568
454
856
636
140
798
459
896
454
416
81
968
904
638
383
85
929
266
186
478
533
84
90
394
463
610
304
781
454
321
270
287
541
723
5
521
516
616
546
186
484
108
12
961
673
218
64
942
413
911
244
26
963
803
246
949
369
626
566
541
612
168
182
399
95
312
944
481
930
229
989
908
592
698
954
519
250
420
996
554
640
833
295
603
528
719
530
877
25
982
536
144
944
850
508
902
302
240
471
497
223
834
730
264
198
425
350
571
520
986
14
207
67
229
636
816
523
282
394
483
727
823
958
718
721
298
206
862
349
758
707
582
746
408
489
614
533
821
912
546
540
167
329
326
577
942
339
53
417
132
716
749
171
493
750
499
788
441
788
52
781
555
842
306
342
954
607
164
761
457
584
988
152
975
596
843
126
250
353
157
98
712
363
815
306
319
920
285
447
847
27
996
79
841
437
576
675
433
201
151
971
429
624
592
389
518
510
621
806
713
780
473
172
550
186
302
970
854
642
10
851
558
21
135
660
533
311
947
986
662
489
355
957
782
190
535
212
102
931
914
717
575
344
252
145
469
110
846
175
205
289
173
836
593
220
42
565
151
806
234
894
164
444
977
643
525
899
459
154
567
143
293
617
133
456
861
38
167
686
179
531
669
806
574
192
292
401
974
315
806
847
907
375
236
880
85
249
765
728
729
751
41
119
672
936
130
318
257
489
605
861
704
729
506
9
117
501
992
878
862
21
17
820
731
273
727
882
192
420
48
772
257
385
729
298
856
331
947
119
252
771
301
662
833
708
722
35
214
641
430
268
585
871
744
528
871
559
358
821
408
451
950
169
26
528
534
268
442
603
767
345
342
72
637
887
753
786
620
253
212
416
456
84
78
539
35
472
776
918
294
832
618
978
153
731
271
303
766
272
813
292
681
367
25
690
323
746
898
920
805
640
777
370
661
434
240
83
278
918
411
133
341
117
259
739
370
424
459
79
459
446
799
106
24
918
408
666
740
513
476
800
714
684
777
558
391
864
647
589
780
777
406
737
479
442
142
975
846
980
945
997
286
119
399
9
258
659
622
10
394
499
146
519
544
439
671
972
420
914
375
151
327
524
351
879
232
453
53
830
470
577
804
182
791
651
115
207
801
427
261
579
447
957
165
109
108
393
467
431
485
102
574
826
362
397
296
711
650
671
166
880
178
455
613
54
605
237
240
22
164
386
731
811
841
774
175
521
702
919
300
571
284
699
97
142
989
429
402
790
728
155
238
755
30
443
448
419
91
777
795
696
548
870
742
570
182
374
125
734
483
201
23
612
572
957
330
221
852
654
894
557
922
980
287
163
366
376
55
844
850
758
6
403
550
770
761
344
730
544
432
188
367
810
728
508
961
987
425
751
881
518
824
778
906
341
522
306
414
710
997
19
298
924
199
71
462
579
105
985
221
485
223
212
217
683
933
311
299
311
366
56
892
860
398
983
724
562
136
587
606
451
158
358
188
720
348
828
305
918
358
697
763
222
939
581
970
965
369
803
119
153
454
350
84
617
450
562
715
824
101
699
951
933
715
926
834
763
705
256
604
4
748
24
814
853
974
812
243
367
116
770
176
226
783
646
541
235
731
800
964
365
444
757
159
773
196
295
935
23
550
291
863
139
309
407
784
151
223
718
334
873
617
874
233
905
219
291
586
751
871
118
816
556
630
637
715
714
927
994
147
413
578
337
214
206
662
619
727
424
538
819
493
915
476
305
158
949
897
908
326
726
991
975
85
489
361
710
881
595
620
490
187
14
340
811
624
273
732
857
265
385
555
537
881
3
696
158
292
541
540
210
877
188
80
918
711
462
818
160
625
176
630
844
313
137
657
171
47
55
741
748
333
525
128
978
427
662
783
337
450
878
58
956
547
443
806
879
215
961
510
725
834
579
67
785
773
116
700
993
983
228
84
687
842
726
552
352
459
590
290
356
479
585
506
982
785
154
548
596
912
174
663
263
370
3
51
513
528
911
256
884
215
852
360
370
416
712
717
606
216
375
874
451
60
598
193
786
157
103
800
565
475
326
572
586
504
713
136
763
877
46
184
682
235
396
241
3
894
917
632
814
281
12
468
537
135
140
745
783
390
195
162
345
944
105
530
78
975
998
835
44
37
751
910
288
236
277
521
181
526
817
591
165
400
656
782
68
774
501
889
780
769
703
378
424
87
44
41
885
1000
180
211
107
315
909
478
329
12
791
423
193
593
889
612
483
183
26
723
586
394
597
57
626
141
688
345
344
649
592
403
53
2
171
311
402
337
795
311
334
369
636
79
701
724
277
80
387
974
347
201
792
198
378
21
520
905
701
584
470
916
630
499
214
774
886
262
224
189
321
125
238
98
614
748
825
667
510
214
758
686
165
41
750
408
757
527
360
469
754
255
831
63
625
689
575
273
689
525
241
473
192
660
688
540
629
14
515
207
519
121
886
219
671
406
667
895
252
906
475
809
65
85
223
509
359
572
579
716
496
525
429
504
575
99
3
200
975
635
794
254
299
84
106
894
94
201
818
785
831
385
482
898
210
217
983
491
143
703
467
953
508
156
881
83
212
728
413
507
836
7
733
992
759
670
604
815
899
955
517
229
610
619
306
542
904
371
601
108
287
623
787
905
509
373
620
214
13
323
180
337
81
551
894
782
985
272
100
600
802
843
840
631
840
166
900
876
809
541
60
977
687
42
207
593
499
751
41
425
579
627
283
838
143
410
842
478
702
640
170
252
77
108
127
68
487
274
681
634
75
162
251
74
948
292
831
563
24
406
901
65
662
227
695
225
682
684
106
324
17
866
898
266
86
293
93
240
149
964
288
498
723
87
457
737
453
702
787
999
469
102
554
818
399
748
668
762
536
572
505
816
691
1
360
788
19
482
3
860
984
291
192
276
510
681
56
493
773
862
761
205
74
90
755
995
873
989
723
621
623
150
92
992
653
46
649
307
684
286
692
904
571
172
43
578
242
431
886
587
31
381
529
812
155
218
605
581
711
64
900
92
58
48
488
617
203
420
275
890
424
789
31
525
384
115
91
330
472
969
468
289
127
3
800
963
84
591
384
69
234
766
689
552
598
490
622
221
605
63
339
921
336
400
373
389
122
712
65
504
895
822
898
196
559
942
408
26
270
421
351
67
45
442
201
408
639
329
918
163
636
88
73
621
240
880
40
218
295
951
353
384
272
958
967
674
792
157
632
548
839
825
234
40
442
441
827
29
187
319
895
45
9
623
109
433
741
922
485
851
132
591
320
897
43
594
574
547
739
819
296
110
754
799
594
552
919
287
203
170
770
999
961
947
291
403
324
923
804
586
776
80
876
879
67
497
271
288
458
28
708
481
937
888
821
47
913
660
658
425
110
95
82
357
689
303
53
688
946
172
262
381
721
53
305
30
979
655
968
116
440
679
569
594
183
76
175
113
73
51
752
974
552
295
909
781
263
642
541
563
59
749
90
120
533
733
501
648
138
356
145
449
841
822
445
102
122
729
280
811
371
898
590
757
929
307
899
688
746
530
33
731
300
311
689
285
862
302
76
57
260
155
222
441
58
28
440
882
332
368
932
503
835
206
474
313
875
607
676
234
518
328
135
292
223
271
62
227
866
413
667
848
18
128
487
523
754
102
893
565
399
649
856
589
474
330
90
290
337
264
378
533
28
448
132
134
575
707
29
71
28
395
21
17
154
45
556
966
806
296
622
103
764
421
861
817
752
674
854
613
811
925
123
832
107
241
934
133
733
575
230
716
974
647
831
313
499
318
971
633
468
284
72
640
642
796
832
867
657
0
255
759
171
304
218
312
435
376
866
237
331
668
656
508
973
128
292
15
538
858
17
286
260
858
74
440
169
365
390
846
368
259
263
841
825
282
170
581
413
840
239
377
598
313
428
152
298
7
572
314
177
718
842
330
764
39
56
705
337
310
691
302
525
292
920
482
127
840
450
977
691
324
728
908
17
514
464
942
502
392
39
877
368
914
51
93
67
729
472
703
297
376
532
138
184
525
862
996
506
311
239
303
122
68
433
586
946
230
426
630
823
746
671
74
297
254
644
73
645
536
358
652
176
676
872
977
199
307
63
112
752
451
487
344
614
58
948
885
890
398
501
329
195
617
264
768
660
506
391
483
690
201
815
250
426
543
599
643
298
892
245
61
164
101
274
381
287
601
999
132
756
327
988
75
799
300
416
318
202
649
555
810
651
624
656
429
497
365
858
769
291
995
235
348
818
356
790
374
721
75
760
853
124
272
325
720
84
384
287
604
487
763
315
185
890
424
289
111
519
572
60
805
109
367
165
405
411
122
926
50
398
17
289
100
780
175
611
910
36
899
370
590
512
137
860
907
519
317
160
863
285
640
308
25
310
558
359
924
631
670
529
652
42
151
469
461
837
689
302
721
279
548
507
612
715
483
916
570
61
205
710
980
454
46
331
813
983
511
692
372
85
250
381
728
926
357
58
464
572
235
786
606
265
605
196
899
755
34
459
415
253
534
546
514
648
475
75
223
527
379
599
283
439
452
242
290
488
511
307
104
602
500
928
702
947
107
875
835
215
111
90
976
566
874
869
553
6
89
927
809
576
833
89
36
821
35
608
588
976
811
904
930
223
168
389
333
735
683
177
293
539
42
537
838
359
286
973
213
88
157
494
429
846
933
472
433
872
723
100
810
59
380
30
422
380
730
166
599
526
464
135
334
691
224
318
433
406
357
504
635
284
736
564
335
436
816
331
490
306
614
318
128
724
242
906
182
390
515
253
244
403
179
151
931
446
172
774
152
6
776
844
221
491
522
465
7
87
291
287
695
59
239
665
283
256
90
718
635
247
514
215
710
336
782
263
120
871
215
48
46
549
255
1000
464
16
983
791
884
850
387
49
203
962
934
57
15
282
612
441
285
945
385
430
411
705
148
601
598
814
438
5
145
649
65
976
680
332
557
547
189
513
623
102
302
34
532
295
81
473
103
761
300
194
361
779
409
838
123
707
598
388
686
76
644
249
709
711
530
601
22
510
902
162
295
673
456
820
365
387
385
626
667
388
575
94
562
927
625
38
466
623
603
871
212
541
7
234
639
227
752
915
897
721
346
825
276
301
95
453
528
887
552
697
592
56
902
853
598
271
969
356
76
890
679
285
925
251
341
856
730
332
927
448
409
262
723
103
900
252
781
719
840
931
810
997
205
630
306
848
719
51
790
589
95
563
680
676
890
81
351
896
175
892
310
874
870
285
822
832
858
209
198
97
504
411
542
798
679
788
183
473
743
370
206
640
369
428
153
806
886
331
570
370
971
100
463
718
756
515
600
288
937
821
659
106
973
53
402
204
433
362
706
715
465
848
885
871
223
592
134
812
26
36
951
662
444
905
619
398
260
921
388
802
765
532
511
121
847
914
382
265
951
602
948
494
130
904
114
901
104
172
316
930
976
348
685
776
551
918
164
989
110
461
360
568
389
745
665
697
936
968
138
464
581
166
800
241
270
544
210
448
952
280
600
443
102
948
519
538
865
659
739
92
173
267
576
174
0
653
470
306
635
422
516
268
896
746
252
697
2
795
575
904
214
225
69
901
510
748
731
493
757
39
152
962
302
919
202
38
3
974
219
135
231
524
935
818
406
722
249
600
97
8
68
448
694
23
239
571
939
721
491
450
781
272
237
109
960
317
775
355
642
727
600
633
314
861
249
850
237
728
341
624
668
546
602
240
966
962
857
638
371
103
834
71
716
497
12
410
263
389
251
226
105
808
271
528
512
843
946
702
688
961
126
632
516
312
339
650
401
844
284
711
615
221
432
720
492
2
28
896
485
144
999
995
117
581
399
90
390
509
628
12
91
145
302
190
65
410
180
228
393
717
248
184
10
336
20
841
536
269
121
229
861
415
933
365
757
16
594
73
108
809
520
661
905
583
287
541
871
348
849
608
964
843
955
123
891
800
11
115
510
550
304
906
364
288
952
93
328
364
271
669
330
977
278
812
846
471
268
665
212
175
928
840
888
893
858
583
757
222
28
883
519
821
913
124
494
558
492
600
908
530
82
527
537
571
908
639
428
183
378
716
701
11
446
748
778
757
596
527
508
883
230
856
212
521
422
587
406
526
590
291
633
677
579
774
899
877
297
483
772
842
714
907
78
350
13
160
264
919
79
516
805
821
718
423
827
617
10
252
977
73
732
151
537
128
106
534
407
171
666
48
507
282
760
930
980
716
985
121
516
594
617
737
394
847
246
902
293
80
632
879
5
509
972
544
152
380
817
380
319
840
409
58
281
952
890
301
5
755
190
381
948
866
286
336
684
479
212
474
621
243
549
956
793
471
208
605
232
248
356
115
666
550
432
761
644
121
593
887
863
292
445
156
61
505
441
284
891
726
956
589
643
670
708
365
966
998
490
210
544
128
678
851
377
248
692
301
507
150
228
86
538
567
455
499
848
905
274
231
935
919
911
724
692
891
584
814
857
397
868
908
500
936
170
44
586
413
598
453
747
675
561
661
923
135
202
677
12
240
900
91
298
811
503
405
312
842
48
590
989
820
571
931
800
54
505
247
562
435
308
137
164
921
329
547
543
512
268
724
710
489
901
109
462
363
898
826
720
358
447
692
299
848
730
843
974
573
223
821
116
391
653
381
525
943
651
330
650
240
799
75
405
733
323
294
849
643
239
773
572
370
743
349
378
163
669
380
514
793
495
171
826
64
764
286
705
90
922
137
137
765
783
503
828
428
777
898
197
388
811
392
718
854
250
993
290
253
268
726
771
633
991
351
126
582
41
881
131
925
467
509
229
140
752
546
170
947
732
109
847
147
988
430
804
929
735
23
841
174
376
575
178
303
886
385
13
661
3
456
477
932
395
985
146
595
987
601
221
968
445
216
813
5
438
357
653
956
229
708
631
64
784
127
171
986
158
22
923
119
585
373
321
995
131
148
361
839
402
987
251
10
380
202
395
635
56
441
816
346
942
818
58
295
359
648
471
898
113
425
155
427
370
629
197
895
396
227
240
788
859
220
9
939
942
198
809
53
940
506
754
556
38
829
634
955
721
403
928
789
807
325
819
731
767
997
838
41
525
573
909
133
849
698
415
673
807
519
287
376
442
740
659
279
335
727
772
50
659
725
88
125
599
774
798
166
102
410
107
42
436
209
360
682
600
579
708
15
552
660
267
25
412
244
686
80
514
205
941
201
845
338
65
993
645
166
949
679
796
359
895
390
181
854
734
237
870
656
898
325
186
350
977
582
195
545
875
382
845
490
773
418
194
829
742
6
873
516
2
641
876
163
239
233
516
537
969
520
57
323
394
707
257
575
724
110
525
841
777
606
318
310
522
245
60
372
777
357
99
217
156
92
119
421
82
528
455
888
673
432
543
466
643
342
540
287
571
616
822
210
649
520
698
500
950
513
625
283
785
622
316
46
466
702
160
417
75
688
246
597
720
675
446
995
543
766
277
651
408
664
792
622
853
604
944
939
588
668
378
747
221
879
972
685
302
181
777
360
837
138
1000
453
975
853
315
849
821
921
959
288
745
760
716
316
999
952
387
527
150
0
125
911
784
181
841
8
878
893
969
449
994
611
372
787
850
269
352
845
853
603
252
174
951
840
605
254
478
221
755
628
846
911
996
284
23
687
912
856
409
402
227
335
987
647
909
837
772
893
53
108
957
57
595
819
853
230
128
466
796
416
752
280
128
522
326
288
625
147
975
961
613
319
900
52
801
499
49
829
686
453
997
491
766
233
130
984
333
333
521
79
565
269
293
607
7
790
337
755
891
877
647
476
693
111
96
925
145
38
98
466
758
400
714
942
413
346
305
718
281
796
807
463
52
933
785
271
528
281
131
224
432
245
289
843
810
408
22
108
920
980
853
216
287
461
642
418
291
825
933
465
934
293
456
438
157
350
953
522
375
460
994
8
232
256
481
285
698
295
505
32
948
778
145
905
681
322
918
745
373
127
380
46
954
223
9
22
620
587
646
380
948
848
453
278
105
790
12
871
341
10
653
667
127
739
267
973
317
988
43
562
896
474
932
739
826
838
38
539
67
514
684
41
154
529
370
155
850
595
868
704
149
673
522
607
613
981
930
808
38
386
193
143
987
942
872
325
309
773
145
871
26
344
52
101
380
392
405
820
164
733
826
527
38
307
247
803
761
904
539
246
456
603
240
684
357
718
227
210
139
499
91
157
114
495
369
937
892
829
116
176
101
328
924
125
745
87
436
485
30
861
678
729
425
826
307
311
729
197
908
346
182
853
774
850
429
93
617
738
581
420
214
798
269
29
721
100
642
424
414
877
897
455
11
855
627
279
243
627
451
55
332
378
428
696
42
277
50
784
580
941
241
142
184
220
176
428
752
206
21
81
688
704
103
595
588
185
772
80
496
23
305
395
924
752
83
50
242
989
518
401
948
73
483
190
4
238
765
991
222
251
613
851
294
708
73
300
759
225
221
566
971
184
659
154
334
133
325
569
846
334
44
72
896
693
979
193
309
736
693
509
298
271
449
900
677
476
182
907
309
4
646
524
181
845
398
334
688
120
242
92
928
381
829
377
100
270
883
666
831
327
207
699
597
91
649
403
828
61
480
556
195
811
138
254
482
144
732
236
9
976
163
337
506
971
584
267
739
205
711
691
654
646
541
62
316
420
212
887
487
621
411
62
293
594
561
252
63
487
622
586
376
778
43
646
400
739
655
135
163
981
693
355
723
11
773
18
774
63
921
15
410
160
806
236
35
375
342
543
534
981
346
9
636
649
587
361
171
900
292
595
465
507
776
433
749
270
89
599
694
115
564
801
897
186
731
281
205
963
676
949
365
910
403
245
916
898
162
91
405
521
42
565
272
426
403
573
810
576
786
209
943
15
26
549
827
905
333
701
728
512
501
497
301
172
691
103
667
169
692
497
335
354
673
222
79
729
755
851
626
91
236
728
828
81
689
950
745
109
759
693
675
364
769
477
573
99
982
881
33
919
71
239
476
375
80
271
935
423
956
851
828
427
685
104
899
221
653
284
971
997
89
252
441
879
553
531
889
636
380
379
547
700
292
279
460
955
118
846
1000
553
66
440
774
545
960
458
422
240
506
666
876
68
854
831
362
983
983
10
222
900
936
20
44
866
162
936
204
345
37
6
558
489
666
247
806
141
402
564
82
478
497
385
159
835
161
912
387
603
888
52
252
243
35
152
687
359
696
245
916
720
702
32
445
104
980
424
944
311
66
689
954
415
104
549
209
108
957
576
800
426
830
688
676
160
578
936
805
719
302
980
349
957
120
23
414
632
195
772
222
742
653
68
376
926
656
690
417
219
662
827
895
271
14
868
738
165
540
147
787
295
552
227
125
13
821
268
530
114
699
897
899
382
306
167
681
694
355
576
500
176
613
512
843
9
465
371
38
410
878
428
182
759
899
197
192
646
566
9
559
233
956
865
190
303
158
368
67
706
978
977
101
198
214
893
692
491
486
449
496
557
608
833
250
892
147
617
842
733
938
671
445
551
953
951
399
994
602
200
552
619
874
543
118
975
583
459
279
282
12
456
309
236
47
27
718
416
288
977
725
729
703
447
122
139
684
403
394
446
645
456
746
604
263
907
21
830
503
253
239
37
303
910
507
788
867
894
808
941
268
338
23
911
631
360
372
256
808
246
542
643
103
4
82
614
882
418
94
905
898
11
701
112
306
902
740
546
964
14
247
643
920
174
921
951
946
123
582
417
829
684
100
596
132
941
447
826
648
448
65
184
370
127
905
979
967
479
508
267
809
842
530
543
459
560
105
231
378
711
340
624
971
291
687
857
372
881
648
3
68
222
202
493
379
502
731
460
996
802
188
29
256
186
934
955
403
796
314
114
751
653
935
761
33
756
231
248
872
984
796
868
74
594
120
286
860
924
272
437
907
869
928
501
150
843
389
523
578
215
638
418
436
569
954
961
435
425
932
878
528
982
965
22
5
19
557
495
477
190
467
56
779
977
594
861
126
567
504
663
776
148
931
11
217
607
117
228
432
169
247
753
782
169
541
506
442
110
91
605
370
32
653
704
730
287
903
524
661
887
165
394
254
798
618
258
681
175
628
41
307
172
192
378
725
11
990
853
703
126
134
927
473
17
288
367
556
682
519
987
45
157
511
964
492
182
385
423
81
512
975
855
524
594
591
196
611
101
660
205
197
621
569
415
557
105
125
618
80
997
589
702
258
675
21
34
31
269
430
89
754
224
721
9
775
663
74
168
876
201
323
277
146
461
106
962
196
242
319
203
733
143
623
246
377
778
460
599
747
938
370
825
762
159
984
368
811
968
463
348
806
947
367
676
491
174
109
768
606
661
683
976
64
740
107
505
394
968
562
380
752
994
813
215
898
841
906
131
486
336
144
717
890
928
153
51
293
141
72
27
12
372
989
484
115
107
923
753
434
428
516
513
893
737
17
990
157
451
321
548
4
609
924
432
142
835
697
506
133
609
791
839
571
119
415
912
365
710
240
109
897
458
399
202
386
38
40
344
471
523
725
460
476
316
70
715
901
971
325
642
294
104
988
995
425
625
820
756
258
466
276
34
266
196
85
339
336
114
126
709
593
972
524
982
516
564
724
61
701
103
452
513
907
799
19
652
146
945
429
768
507
680
999
754
569
360
549
201
260
88
940
232
65
420
21
432
579
674
932
621
74
143
46
891
449
136
626
106
661
239
565
167
919
152
504
485
455
561
500
162
984
625
924
370
400
928
689
284
690
221
474
884
979
556
779
584
382
926
123
617
119
752
3
774
782
58
917
884
666
209
161
574
399
895
604
830
15
443
775
233
403
21
335
12
264
523
346
443
910
557
334
97
601
645
690
980
961
487
224
991
514
258
696
495
396
137
989
319
787
165
103
220
961
284
117
598
766
301
141
227
762
637
897
321
202
322
822
8
553
135
973
380
695
352
986
341
260
877
206
315
250
603
751
539
234
8
527
795
204
661
96
751
109
689
608
969
266
586
475
835
513
742
343
699
906
600
140
832
977
477
577
235
10
545
582
718
506
605
505
417
630
277
868
957
769
774
344
886
857
331
11
797
782
514
295
667
424
516
264
247
743
500
970
89
700