754
430
28
619
2
67
636
71
934
525
85
948
433
411
940
313
742
436
500
391
503
980
777
136
223
28
965
529
243
545
447
135
758
163
84
720
970
70
453
807
514
642
701
13
415
543
464
263
441
414
756
342
514
149
704
352
194
743
372
161
494
176
694
111
556
210
819
640
61
485
608
538
585
396
61
209
718
287
589
460
255
985
412
387
95
240
960
568
700
660
233
335
464
684
531
826
299
244
649
202
351
749
265
117
262
51
305
597
477
216
107
815
369
902
617
380
630
119
856
295
665
421
491
306
174
423
524
864
191
76
745
718
408
260
839
272
594
776
567
710
685
74
966
356
574
340
338
995
545
233
487
475
647
796
469
351
853
839
150
994
881
51
236
844
942
455
852
810
644
175
598
517
179
916
161
719
270
984
554
56
736
939
221
747
856
914
972
713
689
563
931
960
780
132
962
598
820
333
11
212
527
118
536
830
584
529
124
896
521
335
946
823
733
899
945
196
483
148
980
528
518
795
188
188
46
788
94
279
412
173
787
946
597
414
284
75
231
115
323
775
52
18
653
238
10
801
76
420
969
73
508
613
904
397
411
654
644
254
28
773
785
131
190
526
188
275
15
949
490
380
830
466
129
388
685
60
803
128
804
225
586
425
964
125
304
223
183
197
172
658
869
991
353
698
337
179
526
701
790
308
344
162
429
488
748
2
364
73
654
481
216
507
850
250
666
533
122
101
12
852
934
901
219
294
906
88
550
518
873
676
753
250
820
315
78
541
808
732
366
967
278
359
455
281
964
510
824
842
332
675
666
625
651
873
732
617
301
49
10
904
423
291
544
27
57
816
776
732
811
153
843
632
313
905
656
276
743
253
84
593
888
258
158
612
684
526
365
481
794
120
115
822
26
83
733
841
348
765
288
138
242
336
893
577
398
922
271
491
988
815
698
741
357
164
515
386
332
188
152
746
607
796
56
825
915
32
737
168
224
589
228
235
512
757
567
345
677
334
131
141
724
856
991
244
548
639
182
936
714
40
100
36
815
3
296
404
762
811
814
101
969
341
257
536
795
561
198
911
4
44
388
105
456
768
295
706
446
491
669
459
307
461
249
303
305
666
700
869
608
698
957
244
899
615
592
725
241
833
496
479
534
863
767
171
82
479
707
590
174
105
344
487
915
551
794
175
975
433
990
973
811
693
290
683
596
662
687
247
352
147
563
344
127
750
401
708
851
492
754
363
27
803
871
745
706
601
71
949
249
673
592
364
26
567
62
437
798
769
622
228
495
310
757
130
410
847
356
719
159
346
622
219
622
33
389
309
181
170
220
936
301
645
580
10
52
474
430
620
682
375
686
960
499
129
641
329
216
270
478
422
485
562
692
484
616
209
288
427
411
759
873
713
536
189
999
906
111
965
133
583
517
727
651
311
281
754
706
508
790
617
929
798
398
633
855
822
637
730
272
548
96
532
996
160
390
488
644
366
940
557
16
486
504
422
630
695
225
830
60
784
639
234
588
194
316
436
936
307
555
727
346
919
974
938
998
248
558
43
178
887
662
288
561
132
246
601
522
592
660
407
797
166
569
854
87
262
686
12
113
623
318
976
351
689
299
126
968
331
788
764
193
576
130
283
424
489
393
513
236
675
866
400
525
625
100
982
156
707
664
50
246
705
724
698
479
713
851
572
687
753
178
520
508
691
463
688
759
639
220
167
32
993
834
847
811
19
677
745
675
738
376
541
277
913
517
821
412
432
153
16
224
401
734
537
511
264
920
29
633
459
95
831
115
233
831
43
678
227
97
539
888
349
557
884
500
34
725
604
273
695
850
375
560
737
354
889
23
966
256
701
586
413
619
406
900
686
179
935
167
710
38
373
793
695
260
552
831
570
444
220
461
529
199
203
716
210
674
13
536
71
830
788
951
751
8
597
750
708
690
157
94
356
578
345
669
875
813
279
927
462
372
374
991
324
363
466
629
401
96
45
400
209
844
872
449
105
995
959
665
353
829
106
780
392
774
437
897
627
838
482
346
867
189
453
782
849
772
814
644
366
140
96
513
50
441
920
201
854
105
509
715
750
553
431
490
340
715
774
670
847
335
651
216
188
735
708
904
259
834
547
265
316
819
972
817
80
905
948
280
714
828
19
750
211
861
936
417
48
400
953
740
24
931
496
389
309
609
638
169
346
797
747
852
168
394
619
246
922
724
194
45
329
388
86
143
496
216
997
526
142
24
639
958
581
116
299
413
432
426
348
412
115
281
462
882
654
806
991
733
40