24
65
2
21
99
58
53
94
67
3
54
11
32
3
20
90
23
23
5
5
41
54
99
43
40
84
91
58
66
21
39
86
76
43
41
76
0
51
35
69
72
82
26
99
53
5
67
0
56
82
46
1
8
57
86
58
38
17
38
64
11
14
93
29
75
20
38
34
92
22
23
93
11
58
0
70
25
44
69
79
29
27
18
26
22
59
19
94
94
52
15
18
0
76
79
67
73
87
56
4
83
5
3
90
29
57
56
84
14
31
33
65
23
15
58
0
5
69
15
58
12
4
32
75
73
30
33
54
66
23
59
71
30
4
97
21
76
11
93
93
5
41
30
39
6
15
92
67
25
17
3
54
20
69
68
12
61
17
31
35
88
27
83
57
55
27
20
66
44
66
33
7
63
4
85
75
99
79
16
74
76
75
14
28
48
26
4
34
80
18
77
33
55
38
13
56
13
5
23
15
91
72
52
1
78
11
43
7
84
33
16
86
49
46
21
18
58
3
80
48
42
23
4
99
46
19
12
62
90
72
98
86
83
79
52
61
39
98
11
5
43
53
56
7
51
41
56
20
13
48
86
33
93
58
10
11
76
13
83
43
67
66
7
78
70
20
23
15
66
54
11
8
48
41
79
70
0
65
63
27
47
54
52
22
77
33
71
15
89
18
75
36
36
54
69
18
7
62
49
88
29
25
56
25
45
35
56
10
33
42
91
44
9
3
42
64
73
76
52
74
31
11
32
28
73
53
56
77
41
24
29
81
39
46
88
5
85
99
51
17
84
24
41
61
0
46
68
82
55
14
88
1
46
16
8
52
99
2
35
13
72
87
17
63
12
74
46
53
99
75
43
36
54
37
75
2
91
14
76
34
34
78
91
85
74
25
47
41
31
71
19
41
26
24
36
22
4
17
75
23
38
10
18
81
7
91
84
56
35
26
35
49
22
29
46
57
9
46
98
71
78
81
22
54
32
45
86
93
30
53
90
45
70
95
68
43
66
0
94
8
14
95
50
94
35
96
3
4
32
73
13
79
51
95
70
11
49
63
10
10
78
0
55
0
34
27
29
41
62
74
71
99
0
61
37
0
53
90
48
70
52
82
89
0
23
41
48
86
38
18
76
69
74
6
79
18
51
10
95
34
55
20
78
44
45
80
66
79
93
93
65
79
71
28
32
63
13
66
5
25
83
36
74
30
95
23
79
89
3
12
50
84
66
43
49
85
95
84
44
56
73
96
42
28
21
9
22
96
34
7
96
75
93
25
46
95
25
36
85
47
76
26
76
22
85
30
1
56
81
61
71
56
51
81
55
34
41
98
16
16
45
16
37
33
37
52
92
89
59
40
80
1
43
35
15
11
75
69
22
67
53
40
20
95
42
32
32
33
12
83
94
87
42
76
94
3
91
26
88
4
15
65
40
9
16
33
49
9
47
97
22
11
65
18
99
20
42
49
63
77
14
17
86
19
66
33
46
50
3
10
6
31
13
40
8
23
85
14
86
12
44
50
95
82
81
87
13
20
80
22
4
44
94
13
68
89
68
36
13
61
38
38
87
77
19
18
26
24
36
16
50
7
91
41
15
75
32
17
60
97
19
39
36
87
11
28
75
70
30
67
21
91
9
2
34
38
73
74
28
50
71
3
18
45
2
83
48
0
46
66
43
73
18
44
40
58
51
73
7
22
1
32
81
45
5
94
77
43
41
35
58
77
70
27
75
47
48
95
80
9
14
55
74
24
98
32
44
97
41
53
41
73
87
21
19
26
15
19
24
82
70
17
15
10
6
91
1
91
29
25
79
38
44
56
36
92
85
46
58
95
85
24
8
1
39
96
86
12
16
79
98
68
77
6
1
5
74
87
87
86
96
82
7
11
3
48
36
52
81
49
32
64
53
45
64
60
91
99
80
7
3
45
86
6
75
30
79
15
50
77
66
43
63
7
77
61
51
12
90
48
74
45
75
6
97
60
19
90
63
40
28
34
14
90
40
64
46
55
68
89
58
63
41
52
54
53
25
33
9
8
3
2
90
37
18
95
27
60
80
28
17
11
48
93
92
53
1
31
63
49
30
19
16
89
38
90
78
72
13
44
3
59
12
34
35
21
82
96
81
7
69
35
38
86
76
42
43
69
86
98
20
98
90
43
73
44
27
8
36
51
47
24
45
88
7
44
37
31
13
23
19
99
36
94
47
66
40
61
23
21
85
47
37
58
3
33
80
51
84
73
60
97
28
80
19
39
33
80
72
38
0
43
49
10
83
58
14
33
49
67