784
702
735
851
58
292
903
952
174
645
62
632
596
399
520
259
417
781
155
190
929
127
206
649
874
704
862
140
181
740
558
904
972
186
604
733
248
513
143
520
711
24
697
973
974
168
642
603
418
815
104
187
75
438
855
476
674
959
442
66
251
787
927
985
160
151
546
378
885
364
376
3
661
582
923
636
273
345
978
650
505
557
401
169
489
727
643
238
195
535
547
667
877
193
748
702
865
721
507
829
613
993
84
807
148
647
607
392
659
740
384
916
123
585
536
891
579
969
717
256
21
319
113
591
153
587
768
661
822
95
316
653
285
251
233
105
174
243
184
71
553
33
749
172
490
547
352
490
168
707
690
263
888
460
252
87
179
36
72
139
874
629
97
901
259
641
986
421
933
749
484
991
834
783
113
722
947
306
416
583
261
704
853
396
44
818
191
567
866
694
331
526
924
559
711
284
830
276
290
114
270
929
238
953
673
665
108
749
786
340
93
497
941
420
306
163
458
297
343
573
838
475
551
209
216
601
716
154
983
542
176
357
820
646
420
866
439
234
339
900
986
331
356
879
473
2
199
303
411
678
263
72
462
607
468
59
339
987
914
148
502
781
47
941
664
194
583
768
980
830
25
999
4
284
93
892
172
886
905
278
448
866
311
965
70
757
707
945
454
864
439
498
598
213
167
155
106
455
990
332
51
429
78
921
322
470
587
275
252
577
588
908
972
390
404
557
220
831
223
832
229
502
917
233
990
568
107
698
868
21
60
339
267
583
101
485
989
381
103
601
851
292
674
666
464
790
151
121
843
564
116
141
915
461
798
531
410
68
426
292
208
320
825
712
136
876
782
686
835
414
577
773
526
759
557
701
225
170
997
802
693
999
492
359
718
231
262
846
727
166
751
252
132
439
816
395
343
439
909
5
821
107
708
613
363
617
388
161
272
668
932
90
884
35
682
510
848
329
154
509
427
122
867
727
490
923
226
482
256
82
131
797
179
88
1
46
810
263
109
599
949
158
191
105
543
446
505
586
458
373
0
117
443
738
930
988
719
966
105
722
650
434
382
424
570
56
346
456
19
396
487
827
196
964
46
727
298
455
120
121
152
948
106
328
684
319
64
75
327
570
127
634
752
710
801
559
290
568
700
744
399
956
613
505
443
689
315
973
515
674
395
261
630
350
419
974
42
740
487
60
574
143
292
373
494
21
782
880
495
595
268
224
771
491
651
590
905
942
653
379
654
792
864
102
993
96
93
991
345
829
530
109
555
786
81
649
565
883
449
977
514
539
917
654
211
351
515
109
323
768
520
866
629
429
746
313
94
267
775
241
664
615
532
105
138
928
283
559
67
347
257
316
286
658
789
406
204
655
766
625
406
498
685
132
681
806
270
481
731
122
22
428
191
525
989
237
269
421
607
772
598
577
853
158
462
551
980
558
568
153
636
427
692
313
367
325
234
242
412
663
278
921
60
680
534
83
313
600
113
51
99
700
3
331
829
539
177
55
732
409
203
197
155
939
529
489
810
737
262
535
334
221
987
71
562
954
412
74
613
797
457
32
884
747
379
663
919
199
555
77
532
969
599
104
865
45
588
793
895
782
216
721
423
990
39
635
228
757
763
782
809
71
644
137
730
212
69
861
994
102
414
776
746
491
1000
881
154
740
555
8
747
786
6
634
112
367
123
947
592
937
159
929
327
510
343
552
1000
372
805
653
128
104
589
313
515
687
410
570
527
55
455
248
705
991
363
207
15
98
248
423
31
137
272
861
879
0
747
260
332
178
52
459
544
421
969
650
685
3
632
1000
647
618
443
392
560
414
187
274
206
184
72
78
931
5
351
347
287
215
139
320
994
830
362
143
92
671
189
738
267
868
223
854
86
501
707
732
187
583
242
38
585
957
670
923
732
700
702
526
165
514
207
147
340
3
609
403
270
799
836
317
441
147
801
851
297
342
5
467
667
880
25
324
977
603
734
436
12
778
728
252
71
129
541
670
999
888
234
8
309
566
969
661
24
474
70
903
408
724
119
766
604
99
389
209
569
129
527
842
438
848
780
485
992
373
187
74
218
69
379
101
966
416
811
921
79
476
560
81
187
998
344
357
342
73
187
671
706
692
112
546
836
305
378
960
927
373
515
700
880
91
733
178
196
646
119
736
492
253
741
835
610
892
839
347
51
850
104
856
431
820
64
481
946
883
991
56
609
658
248
412
245
511
727
221
604
707
744
621
336
551
996
652
705
446
622
367
405
822
405
9
285
672
99
224
542
349
166
680
490
687
988
760
593
238
594
150
14
258
191
816
337
935
695
203
713
789
896
638
566
973
633
250
48
666
954
910
568
121
937
554
598
245
563
617
888
621
717
930
382
192
818
577
824
853
246
491
480
233
574
994
548
714
421
91
999
824
774
395
265
4
428
42
485
589
602
179
117
880
781
630
997
622
274
524
19
26
986
32
381
384
950
397
14
700
209
560
108
962
905
474
674
83
567
446
960
962
737
349
270
212
10
365
30
869
969
200
820
116
644
564
448
232
647
707
764
477
544
681
917
30
573
733
39
350
925
560
623
752
776
205
443
719
119
4
975
655
219
866
332
443
838
209
483
897
229
989
256
796
919
924
381
829
544
308
456
694
460
210
345
271
166
387
541
94
848
838
41
246
678
431
88
539
126
661
541
293
309
891
747
605
82
203
710
129
668
604
490
518
988
82
293
946
186
865
472
921
258
419
916
59
149
538
658
669
813
81
44
885
874
975
36
461
139
15
646
460
814
58
479
81
452
338
559
658
841
322
428
372
964
913
289
558
900
471
434
178
721
819
81
873
956
747
22
681
332
651
348
828
914
232
839
984
326
665
166
460
985
797
7
436
264
321
718
599
590
521
454
749
263
923
398
817
322
36
713
237
777
486
647
930
271
528
296
921
237
44
279
861
707
112
753
676
182
380
432
287
680
894
338
445
877
608
315
514
540
463
346
75
830
514
376
348
979
528
391
51
37
468
497
319
683
451
961
72
655
402
425
718
825
702
650
452
510
442
569
659
323
167
437
875
716
775
358
25
720
906
739
662
702
370
41
87
596
92
109
535
356
643
690
835
875
712
151
638
886
368
378
118
843
593
703
145
515
556
962
210
906
497
976
614
780
911
643
582
61
440
414
359
462
721
326
475
146
144
939
725
697
306
372
806
109
774
585
352
938
838
171
447
502
773
228
638
764
88
777
759
342
578
932
85
820
91
338
330
38
922
617
732
185
272
220
410
785
696
536
402
265
961
230
51
436
520
713
711
72
262
646
537
182
451
731
369
277
345
363
198
585
994
677
69
598
798
472
283
589
706
663
105
982
94
541
400
820
83
745
89
656
857
752
715
427
936
862
536
122
889
484
834
876
95
484
661
845
781
671
572
250
222
357
557
54
318
867
441
269
4
862
212
817
682
104
769
742
74
712
382
332
609
821
898
542
105
786
82
758
123
834
791
670
1
340
301
85
810
421
418
567
785
861
63
60
46
453
447
56
199
860
191
635
901
937
323
480
910
258
457
41
973
631
337
887
188
243
804
440
138
245
886
691
896
102
205
439
12
866
52
122
363
0
930
907
677
387
280
666
761
299
23
391
364
256
122
1000
790
970
377
617
428
305
518
848
140
277
169
462
467
197
765
139
776
423
962
463
269
737
135
77
464
738
314
407
259
700
552
165
671
237
757
402
773
68
421
977
427
229
570
543
306
56
878
843
134
713
435
991
965
778
414
769
671
534
184
385
765
30
340
648
410
622
646
745
413
776
522
738
374
41
188
277
802
6
783
962
910
426
976
458
103
210
425
266
126
587
380
580
453
627
407
445
98
657
249
855
819
399
607
706
422
178
348
742
342
20
216
213
618
856
498
14
794
812
93
235
390
74
249
789
254
59
641
63
567
851
414
17
39
630
167
597
286
352
959
746
925
884
693
643
397
933
46
666
996
602
139
315
736
384
807
739
490
899
438
784
815
934
718
689
954
143
809
392
941
333
494
453
546
852
322
436
780
381
334
153
82
227
672
215
616
467
498
322
885
5
58
775
572
37
738
612
70
325
927
820
534
658
258
419
792
818
801
838
314
962
746
284
834
891
483
369
162
539
870
604
88
356
336
277
37
105
707
424
90
270
609
778
110
35
474
111
398
631
528
768
661
116
856
393
1000
69
626
959
951
296
57
891
800
931
682
413
471
659
994
445
443
764
286
139
413
237
709
58
911
66
157
717
970
73
25
143
818
946
246
444
680
465
387
842
573
175
221
852
991
902
319
927
921
323
1
422
826
486
29
477
754
442
180
666
919
876
307
583
267
954
4
724
96
156
850
265
964
729
190
881
707
612
13
505
467
968
439
448
143
295
129
350
977
286
144
881
34
150
990
739
366
933
415
30
802
626
607
929
759
173
708
294
206
20
64
529
394
562
203
895
964
992
100
147
266
621
311
415
730
3
716
825
620
497
575
375
288
252
358
337
22
419
170
427
703
212
364
641
77
264
17
929
143
784
240
259
496
836
294
609
7
427
817
746
139
169
832
703
734
2
157
826
49
589
533
196
443
750
85
475
961
819
140
65
612
423
99
35
701
317
196
62
604
747
111
669
16
785
526
350
326
739
355
329
828
325
918
780
449
976
867
236
528
633
374
613
956
861
341
802
643
588
724
409
886
491
689
283
930
906
410
28
341
571
115
896
796
945
837
369
643
793
544
791
319
562
677
299
462
632
441
122
739
974
13
795
834
526
69
460
93
781
109
999
461
292
992
408
189
986
818
849
129
962
45
770
265
124
38
463
75
116
547
364
576
156
896
915
165
170
140
213
356
659
362
36
919
303
430
425
827
139
183
635
799
535
943
980
230
649
456
499
356
541
674
849
536
304
25
133
760
138
635
280
281
627
977
800
580
134
268
468
517
987
723
881
756
35
104
248
817
295
522
892
617
767
688
582
821
857
586
130
815
723
347
890
107
67
396
287
976
983
468
788
68
523
216
333
135
844
59
980
129
869
828
726
322
922
124
217
268
711
160
20
913
890
398
404
746
794
488
15
287
775
713
50
641
722
455
612
817
44
814
908
369
352
983
768
695
987
816
786
457
577
612
905
904
254
23
750
427
914
733
532
571
859
80
229
51
223
957
444
149
931
173
726
461
733
944
452
794
493
424
373
925
1000
947
686
867
147
733
28
75
528
455
332
593
980
315
373
853
275
770
567
526
837
331
480
673
702
329
539
938
862
47
196
356
952
938
844
120
968
863
248
674
698
535
931
992
885
505
915
738
995
955
46
498
832
735
122
816
164
926
566
392
357
311
373
257
917
125
724
601
739
168
274
29
276
810
48
679
364
685
168
749
214
560
3
186
702
302
560
52
262
332
424
389
913
961
973
612
494
918
617
729
346
563
694
689
389
270
285
233
168
575
778
270
680
285
453
48
44
216
760
767
68
193
681
421
935
91
293
189
286
123
323
269
738
354
10
579
945
608
502
994
572
162
501
210
520
692
401
367
391
12
928
138
460
849
217
219
411
877
598
185
277
794
421
764
646
43
554
233
255
12
760
258
919
915
374
275
988
426
593
376
166
989
243
255
537
621
136
340
656
647
815
361
735
34
474
188
893
227
332
250
457
629
534
122
299
624
149
12
711
544
714
637
829
341
151
115
882
184
893
526
340
661
614
753
185
484
590
121
343
710
661
680
280
201
26
122
989
985
790
660
585
818
467
353
719
126
993
170
589
333
444
448
964
396
447
555
841
866
351
387
223
698
789
859
474
887
705
935
171
139
71
964
338
523
755
290
561
823
162
106
274
283
906
182
330
736
109
709
395
123
93
383
943
296
879
335
297
156
639
737
77
439
383
635
319
544
255
543
639
420
491
449
876
539
303
616
392
972
475
640
850
891
789
383
636
883
400
73
904
553
924
271
374
196
990
527
387
586
428
798
188
194
741
402
214
392
537
177
940
166
515
168
828
345
854
731
325
371
205
912
588
349
511
906
436
241
383
928
839
721
828
832
622
763
972
546
908
571
422
464
598
887
73
676
827
561
724
796
862
872
782
413
65
782
934
693
459
104
368
517
733
104
510
785
567
39
437
55
717
699
425
11
643
253
0
822
65
310
114
878
280
281
597
13
704
83
706
206
425
417
889
53
372
866
267
137
46
571
704
398
637
509
945
892
827
915
659
750
447
939
2
826
965
929
298
676
988
212
676
970
332
212
617
148
278
215
671
484
990
321
501
482
675
325
163
481
161
348
157
633
646
883
239
253
688
73
506
174
80
279
968
826
795
676
341
46
83
251
292
563
444
351
334
251
532
407
97
462
26
376
581
129
665
34
568
788
138
576
489
950
471
577
895
147
146
808
897
70
732
41
298
237
60
757
693
195
14
882
356
912
566
518
671
498
574
136
365
48
53
13
468
832
32
336
228
86
417
173
20
459
191
597
676
326
494
712
506
560
268
269
590
915
302
332
369
198
662
744
80
345
699
870
829
746
8
922
671
271
921
239
518
368
577
627
365
324
923
939
789
271
372
22
404
424
221
355
139
62
805
422
943
725
959
540
557
817
146
277
483
409
354
43
221
121
23
432
143
772
35
710
853
679
562
370
693
419
934
852
585
755
185
990
388
8
640
917
145
197
114
64
464
132
915
121
902
963
434
866
254
911
256
737
977
890
496
966
839
936
274
882
92
170
755
856
126
934
209
640
119
11
866
974
362
781
611
717
624
753
969
559
902
777
601
537
310
841
709
641
831
276
151
227
994
603
901
556
868
311
72
485
909
275
455
251
548
191
50
119
958
538
291
942
94
983
252
393
934
470
257
822
265
772
252
352
345
432
702
472
253
843
858
472
185
523
31
874
702
813
401
499
456
547
745
664
674
403
903
566
534
260
491
809
607
495
803
698
560
807
533
325
270
975
830
505
456
36
246
540
515
187
587
209
712
899
672
472
569
836
54
424
991
410
954
943
945
595
858
115
31
265
889
222
83
473
681
592
858
181
101
0
666
654
533
987
159
108
472
480
961
884
312
830
465
709
280
648
84
553
724
515
921
19
32
907
873
115
719
857
658
926
901
29
683
711
186
384
643
884
663
993
680
319
219
415
173
196
749
302
981
397
142
151
432
696
137
254
757
855
824
984
147
328
980
657
412
554
844
697
672
748
829
154
699
968
10
127
843
842
742
78
476
429
285
828
713
569
920
352
124
168
616
590
341
62
128
221
934
159
480
853
916
30
46
819
532
181
834
474
855
670
6
750
427
928
709
838
322
909
757
244
802
413
633
187
739
408
257
8
26
545
0
210
135
956
299
968
397
657
569
993
263
600
90
963
283
141
389
963
51
684
657
450
822
230
149
808
508
825
371
515
202
138
839
989
791
998
755
880
951
893
860
674
322
939
239
692
561
628
553
304
464
999
932
868
190
50
780
403
969
883
450
737
332
522
437
977
651
584
365
563
778
145
44
484
176
831
73
595
111
450
208
231
897
610
975
360
319
30
611
744
802
991
594
677
852
277
360
605
383
348
987
158
629
826
201
289
498
584
409
34
384
565
364
991
132
560
26
41
845
553
472
281
934
918
709
292
845
741
201
843
146
838
645
215
443
353
312
54
286
906
46
355
529
496
816
532
150
53
561
592
337
303
408
481
554
631
348
156
178
294
608
266
62
593
757
180
915
194
77
171
403
398
276
679
669
754
921
382
180
194
956
173
28
493
258
120
239
810
552
572
722
390
189
245
573
194
147
658
859
258
15
890
466
296
124
102
297
282
942
670
458
430
738
290
35
75
640
279
248
962
852
82
482
185
926
773
859
509
638
417
850
651
944
306
385
431
378
722
87
293
135
571
985
831
713
810
511
86
908
985
567
745
753
780
936
509
449
865
400
163
428
862
139
585
132
112
716
757
569
823
528
101
194
965
218
837
89
763
483
870
797
634
493
93
742
415
537
37
7
715
343
291
809
107
625
6
757
787
210
644
882
115
935
878
614
857
761
393
468
868
530
488
92
423
657
427
270
742
265
450
624
988
524
708
304
136
236
151
734
574
167
748
849
873
104
891
912
979
122
463
801
682
954
802
262
8
518
803
261
848
447
558
624
233
747
769
997
686
209
223
467
688
70
768
139
147
482
883
687
352
202
362
887
111
719
834
737
411
232
175
112
538
637
723
732
776
234
140
468
284
343
389
238
284
9
734
189
991
435
716
900
87
170
81
775
816
679
812
201
756
996
233
622
161
5
757
581
768
583
111
85
687
547
588
371
859
86
931
470
680
5
476
969
909
633
869
611
975
496
786
676
55
940
877
709
752
479
814
901
57
73
455
916
260
598
860
157
232
446
231
514
194
706
434
730
445
249
459
838
938
92
31
45
790
837
994
546
125
679
605
152
611
701
512
886
183
1
924
481
134
622
978
622
980
826
407
563
995
445
240
225
823
238
643
328
380
772
147
845
587
813
435
817
141
911
265
315
707
687
450
665
269
83
150
435
309
435
885
949
439
770
638
416
181
186
914
88
414
725
119
152
403
909
794
360
68
134
320
799
793
236
177
458
261
728
173
645
333
377
462
424
489
953
544
820
991
475
408
36
758
359
258
196
332
33
911
740
442
669
646
326
365
403
798
307
447
244
294
906
824
593
801
314
154
591
944
100
168
659
342
880
482
482
970
772
506
158
589
801
573
272
221
960
777
616
333
58
682
732
707
526
4
750
429
224
571
247
333
592
613
636
659
329
77
240
273
18
52
843
156
352
612
747
124
339
766
16
34
671
930
234
969
489
765
31
83
22
20
346
481
63
114
405
6
566
338
952
361
41
184
762
331
830
666
730
395
286
805
322
5
427
320
355
405
946
603
871
741
897
449
123
65
611
402
988
287
720
495
682
362
780
0
174
777
163
231
256
671
286
93
25
614
722
673
294
853
3
480
85
647
331
773
809
431
317
166
160
830
459
151
551
525
45
220
616
628
653
662
32
100
747
819
456
704
321
623
86
812
217
898
151
658
710
299
453
968
834
520
313
295
896
763
850
337
842
944
811
945
953
476
38
604
686
525
562
664
153
702
422
41
799
854
648
992
890
580
4
442
100
106
168
403
211
715
663
621
999
391
788
713
198
605
949
222
188
39
777
585
269
765
17
584
484
461
710
380
771
957
588
41
422
871
102
200
760
842
13
88
817
990
966
390
887
892
598
683
380
410
898
481
683
411
825
874
390
514
701
984
96
128
57
804
317
52
21
571
121
921
881
199
858
482
887
487
719
630
148
923
319
9
958
786
652
296
355
627
134
163
78
670
197
467
937
8
833
389
770
591
516
683
783
520
574
187
613
972
376
178
238
159
732
808
766
643
749
876
432
727
5
849
116
541
291
915
989
842
305
985
915
988
52
638
15
290
824
230
421
778
865
868
700
521
162
562
764
341
702
365
429
923
540
32
354
682
49
527
197
109
352
693
30
277
974
785
677
741
48
726
229
150
95
859
871
912
745
640
455
459
13
746
205
268
233
904
823
323
978
39
251
997
936
77
914
701
271
991
121
614
759
877
129
576
642
573
63
230
593
440
866
924
838
424
105
329
446
28
401
343
912
69
119
421
822
746
653
242
346
217
953
855
739
1
803
931
449
442
153
545
257
285
705
556
103
568
193
77
798
764
714
707
168
725
296
371
986
372
846
951
94
439
421
13
151
886
394
146
24
304
666
699
581
733
935
515
334
510
205
50
653
139
579
774
882
759
754
273
166
822
175
250
805
346
671
264
448
842
272
951
568
892
225
490
45
95
288
967
532
95
111
963
384
852
480
498
794
663
343
799
21
15
983
911
366
598
121
251
501
185
24
536
433
333
951
130
893
39
454
602
348
910
863
216
16
940
98
472
628
68
578
184
144
262
296
152
710
292
386
754
21
65
476
999
500
195
515
394
200
793
890
671
973
484
755
766
789
401
436
25
456
332
862
205
799
707
16
365
133
513
470
555
370
434
268
385
183
872
747
376
31
386
723
309
12
829
430
180
470
130
148
323
690
996
622
630
259
991
232
455
31
173
410
96
324
606
81
171
838
138
499
542
485
533
170
366
632
455
400
234
973
567
662
574
950
595
538
418
375
315
886
42
500
775
358
545
671
471
791
328
374
479
766
465
496
715
155
298
421
780
141
939
746
337
912
827
308
409
343
17
810
727
661
35
696
912
466
91
453
154
203
895
618
934
895
811
373
155
963
453
581
746
688
674
519
637
435
530
392
778
705
565
240
451
324
242
458
736
5
619
66
721
64
126
898
110
418
648
138
990
407
860
201
627
442
196
115
981
316
442
825
286
455
401
862
137
509
234
994
214
380
994
84
360
1000
912
584
413
419
120
191
483
97
438
834
367
537
647
620
884
156
50
935
775
343
411
530
903
875
806
311
499
374
136
229
325
276
640
296
555
39
315
185
38
744
494
314
494
656
955
569
871
809
62
810
728
6
864
617
884
962
927
607
17
689
178
317
459
79
468
376
802
957
14
391
285
681
994
342
929
212
237
140
889
359
495
241
925
223
87
429
774
227
329
417
154
247
449
473
202
10
122
480
652
517
209
337
61
777
221
516
572
628
946
588
993
394
37
434
27
919
40
389
808
934
210
897
782
921
318
433
769
240
537
916
887
72
690
355
835
365
255
367
166
855
39
70
662
90
299
329
920
602
499
713
482
263
858
816
836
484
417
127
758
96
198
473
191
328
151
416
80
644
299
286
783
901
591
78
407
164
700
895
676
21
338
423
947
215
212
152
253
593
926
902
582
247
800
408
296
15
364
236
854
744
401
505
798
600
495
483
470
142
417
132
762
388
196
595
103
210
943
700
85
869
373
625
368
933
842
942
653
259
978
380
900
901
117
219
350
467
876
5
758
160
880
942
598
987
406
502
64
274
845
430
559
829
783
419
575
661
269
436
238
959
413
419
1
475
532
841
746
592
316
896
346
584
62
469
945
384
597
799
431
376
861
226
374
723
269
156
760
475
892
588
775
396
49
377
504
912
209
602
164
581
881
288
485
34
265
717
318
792
322
529
27
612
455
936
682
914
106
564
801
855
291
77
794
191
370
391
599
658
924
380
483
908
242
443
776
750
705
895
656
465
62
371
283
545
805
365
764
401
747
995
377
385
731
550
171
903
446
766
296
356
100
343
925
231
120
495
256
731
272
197
777
159
742
678
921
554
317
473
12
190
391
388
71
676
875
455
778
321
374
742
8
408
171
540
743
246
336
305
486
739
257
376
946
218
10
328
486
30
97
904
508
241
626
150
224
937
348
780
306
963
665
869
679
58
959
754
224
813
806
999
998
547
751
99
966
656
316
571
129
117
883
136
750
872
140
565
595
624
647
324
444
386
33
143
109
764
724
386
581
963
396
515
986
619
942
26
473
341
806
767
127
613
315
525
773
343
740
245
590
462
883
71
346
690
198
356
129
26
542
718
800
957
309
298
780
748
824
318
941
101
58
131
319
111
64
2
404
18
508
534
242
627
457
743
912
534
784
112
149
656
814
527
226
306
682
107
48
393
188
386
828
795
962
788
769
931
661
884
921
316
740
345
639
335
121
86
49
619
464
924
520
551
452
991
638
787
950
36
188
556
9
871
564
633
257
837
807
222
793
955
551
480
991
136
809
990
170
724
884
586
211
493
753
244
731
482
583
444
142
221
820
575
329
827
225
756
69
916
800
163
771
73
431
817
130
142
669
407
475
492
742
524
549
901
877
606
774
290
844
780
5
560
479
831
454
288
78
264
808
294
249
489
358
485
351
781
955
382
651
502
958
722
286
377
499
388
885
302
610
944
884
66
792
805
592
58
71
95
553
516
453
106
913
837
286
997
564
36
832
741
271
837
829
731
712
645
400
470
108
501
690
303
727
390
460
597
924
298
193
54
736
557
450
216
314
319
964
925
864
965
274
770
488
180
461
582
457
458
575
466
652
999
384
798
484
305
832
739
559
501
88
751
474
318
698
444
264
363
377
344
351
572
195
350
329
391
24
160
622
756
817
615
165
963
158
220
23
133
637
177
169
144
452
713
601
687
49
119
944
469
573
867
769
995
391
700
528
298
557
626
434
929
123
622
748
914
746
237
48
778
970
175
883
911
475
100
640
781
625
739
21
449
793
130
754
466
273
390
790
484
549
745
419
203
554
373
969
315
639
580
46
571
780
77
460
343
947
454
492
314
82
24
421
528
181
746
908
887
10
4
861
649
875
416
119
373
313
102
311
959
964
29
391
239
625
609
169
997
868
641
133
299
391
776
641
610
192
770
252
876
936
997
797
317
733
989
767
881
889
679
523
505
179
335
342
300
371
590
824
526
498
741
228
192
301
97
593
530
596
178
3
390
42
638
207
290
617
593
911
548
304
513
137
786
887
657
397
290
499
969
456
434
736
632
707
754
972
79
891
55
464
469
403
501
846
764
832
743
939
374
865
127
753
669
980
359
748
634
288
689
873
767
312
833
125
824
886
110
157
948
882
94
255
304
425
429
75
207
344
841
89
391
448
335
973
469
694
225
565
174
696
615
146
670
768
550
4
162
863
702
690
291
436
845
576
136
130
109
773
693
215
499
898
4
83
995
529
39
304
296
931
529
424
799
16
681
252
346
559
260
976
90
705
437
370
880
460
125
315
28
290
910
738
927
158
87
810
904
553
988
432
202
365
395
621
766
604
476
203
248
60
419
420
758
924
578
199
564
175
997
932
291
615
505
488
871
412
328
409
256
756
318
166
608
709
441
75
988
69
931
883
468
730
120
389
651
844
340
858
825
629
244
802
812
129
641
953
708
940
728
820
549
826
871
142
652
907
21
496
187
953
716
911
517
385
808
890
179
720
277
982
108
383
910
325
216
119
488
583
664
175
704
594
522
296
167
214
692
208
572
566
849
469
416
596
696
933
289
357
696
111
108
773
371
768
107
413
606
295
122
477
110
982
975
378
718
136
110
582
248
493
114
633
736
738
112
248
117
765
282
494
729
174
933
604
387
506
165
187
790
594
564
420
251
14
781
496
82
518
903
5
170
901
938
676
474
362
722
265
820
128
679
199
812
354
144
620
99
543
239
876
745
221
734
638
244
711
985
724
127
2
589
474
535
529
181
483
954
130
567
515
587
866
4
114
759
298
433
660
171
410
346
212
764
153
293
15
264
526
619
381
0
984
348
281
855
344
154
232
842
563
406
381
528
335
761
40
508
144
113
624
740
614
620
867
706
287
590
654
493
240
414
919
85
705
441
264
748
230
257
855
938
381
422
248
480
677
129
107
653
134
498
504
992
330
393
89
218
932
253
389
852
429
480
337
234
704
332
221
936
144
577
909
799
915
291
321
253
859
918
254
310
306
771
166
795
780
751
353
967
436
721
274
764
105
99
920
61
69
230
545
551
778
854
170
397
294
567
208
67
107
695
976
420
606
794
305
40
344
434
33
738
173
801
285
114
428
493
610
459
783
159
905
168
613
149
742
710
667
308
871
643
584
671
973
524
514
790
488
461
158
174
623
192
979
727
110
76
637
781
673
10
200
946
114
432
938
728
594
501
277
413
156
808
569
999
402
930
289
413
183
153
853
968
539
527
561
489
732
225
660
957
995
720
346
935
172
58
212
427
515
597
408
846
970
26
219
838
434
356
74
68
407
528
305
650
638
296
431
708
107
125
125
746
267
206
59
718
257
660
71
127
699
914
563
322
346
961
460
25
879
373
398
691
35
175
721
127
965
971
189
717
261
12
660
940
411
149
340
941
6
636
471
733
452
331
134
154
912
246
539
584
727
862
423
914
824
465
8
664
410
746
828
91
913
738
958
654
256
247
456
644
482
786
759
93
299
486
177
988
797
402
325
166
990
143
858
70
744
478
284
437
197
514
262
956
80
250
670
861
17
915
155
843
256
957
623
919
386
40
573
238
408
677
861
718
506
990
524
4
245
838
946
445
168
67
893
683
843
377
633
219
402
110
826
374
673
767
112
376
913
750
822
470
20
780
157
854
257
813
906
360
719
972
808
37
556
188
674
121
858
714
783
626
503
810
583
337
665
642
533
274
353
167
627
917
596
190
257
252
162
219
404
652
920
362
924
431
691
357
633
180
255
6
934
825
0
673
607
783
636
216
334
607
792
192
874
567
195
755
930
452
313
932
30
687
563
679
195
505
210
74
9
844
354
247
585
7
984
652
777
317
648
207
32
704
768
347
891
459
500
718
544
746
105
991
685
299
471
621
358
469
107
783
646
673
115
777
578
309
975
814
95
454
813
573
614
282
199
955
507
523
817
811
94
323
580
50
854
861
909
963
460
921
570
584
556
179
778
754
18
773
95
935
901
880
631
592
936
179
877
126
473
946
6
366
853
353
515
891
505
10
130
693
411
364
750
203
177
652
746
742
914
875
862
684
374
414
851
320
441
191
517
659
628
314
881
543
329
695
511
7
524
290
410
288
304
89
699
552
281
295
457
865
344
818
588
318
29
299
190
904
356
262
811
521
401
463
979
72
595
153
95
659
125
670
403
325
826
473
607
875
458
995
685
122
433
953
891
194
157
167
948
242
32
364
12
417
442
477
700
220
530
770
698
299
676
675
894
651
435
208
490
243
846
689
295
363
215
265
741
933
943
777
818
451
610
380
768
749
206
912
670
184
474
414
833
397
31
154
722
286
907
942
105
698
603
845
977
889
674
313
946
375
102
3
509
522
838
658
428
503
675
610
164
317
1000
262
316
674
937
122
988
334
172
295
200
393
860
926
949
937
928
243
859
706
217
435
373
333
51
838
615
737
157
866
611
241
108
369
457
730
37
538
970
456
38
462
423
815
303
600
416
411
622
534
363
124
787
311
146
238
558
922
565
296
773
109
128
868
742
828
328
890
101
917
929
11
221
297
248
336
60
857
213
985
982
243
249
265
614
832
958
782
507
937
664
523
236
986
402
206
686
128
387
394
222
445
770
276
890
226
993
851
27
882
898
3
918
929
55
181
946
685
817
224
725
56
174
400
253
297
638
489
38
786
3
611
518
936
810
499
915
727
503
845
813
852
937
966
626
700
384
204
207
604
312
606
650
951
93
29
487
901
686
463
770
132
138
159
411
666
324
874
455
488
910
127
652
515
589
725
157
794
852
713
468
402
513
214
186
782
80
181
314
533
791
955
557
706
726
956
904
360
739
116
653
613
615
306
709
540
755
212
558
426
109
958
33
794
38
203
994
204
198
190
679
619
688
126
446
519
816
750
2
391
368
995
574
158
841
964
334
126
760
340
988
389
756
499
900
440
817
980
808
647
424
28
884
358
55
368
695
749
68
162
434
851
115
616
603
147
30
89
577
847
202
618
226
323
927
609
586
67
696
890
723
750
629
82
182
405
520
803
757
578
796
765
369
972
64
39
538
267
315
378
384
177
598
811
646
631
894
655
588
595
245
244
684
701
571
567
413
513
392
711
648
485
159
912
451
786
697
849
127
592
693
691
367
542
527
860
696
992
641
499
735
619
362
122
959
802
215
942
933
703
842
719
948
325
696
939
659
650
960
440
145
956
703
362
164
378
529
285
999
55
561
987
564
99
904
858
827
878
637
395
739
923
694
304
260
315
219
402
288
471
974
275
237
483
125
811
908
844
687
191
319
845
385
711
311
38
419
102
808
858
768
426
842
906
814
609
537
712
23
30
36
299
433
825
699
443
579
86
515
4
81
915
46
951
40
427
454
368
682
944
256
566
201
669
8
722
838
409
594
533
748
768
424
286
829
89
869
950
932
907
307
652
49
151
912
914
754
1000
196
43
423
198
633
690
512
451
98
939
855
639
492
348
795
988
168
258
666
936
599
456
778
944
841
663
649
548
770
463
80
326
546
11
515
174
992
569
917
951
191
274
641
148
233
901
637
145
997
397
296
959
550
745
62
347
14
989
924
145
52
125
671
783
265
596
314
342
158
677
291
51
180
141
341
79
114
562
565
838
763
516
104
139
560
943
590
398
984
625
78
479
726
902
255
410
466
444
811
722
222
757
19
124
448
322
232
269
111
950
335
908
103
141
321
758
682
338
404
761
981
153
28
138
73
933
673
244
456
292
621
559
458
577
309
279
404
657
982
924
78
118
287
300
995
341
713
16
1000
885
557
163
314
918
577
862
150
180
330
312
450
575
155
53
822
992
144
651
124
588
934
975
416
235
819
85
740
444
670
267
699
678
327
766
413
396
170
245
851
860
857
596
923
832
898
852
402
949
569
224
152
33
382
760
554
543
938
711
557
609
725
699
437
857
787
335
194
406
677
332
185
735
426
761
180
125
797
483
92
897
319
329
122
407
843
591
577
737
397
973
338
143
145
955
225
286
179
207
246
508
709
735
37
406
358
801
363
104
284
664
406
474
173
45
843
544
309
132
64
164
152
789
17
440
151
863
485
728
339
788
520
44
597
318
234
625
730
187
33
768
517
791
83
965
851
193
730
329
950
709
394
855
936
56
840
502
585
564
395
921
666
414
898
915
964
305
130
659
744
98
118
340
990
535
200
193
654
969
44
106
560
231
317
605
143
182
471
608
147
93
178
792
870
150
812
381
358
747
418
430
333
528
301
260
751
99
949
769
904
527
659
786
709
603
953
290
357
458
350
508
616
581
591
863
371
251
811
504
358
176
387
780
162
718
151
214
254
604
251
888
198
229
131
647
242
151
279
0
962
512
302
969
537
104
375
741
541
760
664
955
485
575
402
115
699
606
507
588
86
375
144
874
951
124
256
367
807
631
853
796
561
213
661
857
381
176
823
717
970
717
999
181
928
92
655
909
669
147
447
380
604
213
741
494
754
473
663
202
147
24
137
810
500
435
849
972
617
220
503
82
946
556
313
873
692
896
672
254
118
486
593
601
228
317
867
492
672
336
906
247
355
691
756
702
777
227
886
4
598
582
478
433
725
384
774
381
298
873
499
670
878
416
733
740
371
368
962
999
900
586
253
615
198
858
122
771
941
131
663
469
877
818
177
861
728
220
552
279
774
251
118
45
837
830
533
477
902
551
874
701
37
913
601
974
591
225
561
931
356
18
799
894
319
922
444
555
249
329
572
13
699
97
251
774
53
216
960
475
163
236
868
840
465
597
542
881
969
893
584
608
655
856
945
589
336
843
723
23
964
982
52
76
958
584
174
27
515
877
128
703
97
135
134
114
487
654
273
742
969
942
354
86
406
352
904
591
102
754
322
703
46
438
664
443
225
322
791
315
762
433
299
120
912
825
538
686
409
809
612
960
896
10
471
983
240
547
547
957
623
491
229
238
390
101
501
976
173
15
18
105
489
950
587
285
36
174
211
599
355
743
426
761
959
267
839
6
79
949
365
899
879
144
750
497
108
730
837
908
663
937
330
111
818
299
542
232
44
431
293
850
846
329
478
281
867
875
635
607
421
727
803
289
705
573
411
72
806
85
246
551
868
759
738
383
148
69
826
855
73
461
554
879
586
973
674
448
277
360
969
622
505
524
110
664
719
346
889
417
166
878
835
797
731
181
181
726
503
418
885
630
208
590
158
863
285
252
852
407
34
419
857
241
816
805
286
130
596
978
818
815
261
365
364
150
559
449
152
207
566
686
217
517
1
351
871
519
241
613
129
428
21
540
866
858
191
974
240
535
637
615
615
768
243
786
110
200
908
641
157
635
966
572
155
897
647
109
919
795
565
627
495
903
565
51
297
623
451
890
220
612
564
307
911
74
585
230
247
751
740
267
852
923
287
517
94
562
136
236
708
627
735
186
465
633
321
72
336
24
462
84
35
946
889
971
982
912
630
722
854
988
243
809
232
59
136
121
924
285
721
19
41
925
383
205
533
68
652
181
460
321
776
873
821
168
770
82
337
767
121
550
535
20
147
151
21
115
342
572
989
486
123
869
566
781
447
2
722
583
280
153
254
782
64
210
381
478
658
169
643
425
578
570
690
772
672
690
849
113
297
192
390
72
948
189
517
632
228
80
238
522
25
838
922
545
735
896
977
648
314
143
875
93
595
456
423
42
531
395
979
875
323
209
530
784
698
710
354
229
313
783
889
373
453
311
828
10
423
255
396
237
72
101
767
325
451
775
749
739
872
691
887
47
0
795
186
285
6
370
975
901
760
525
809
580
124
979
593
762
143
510
780
640
581
233
997
151
857
473
921
344
723
488
518
728
217
219
625
198
768
441
219
337
40
745
902
796
415
918
658
471
367
943
816
20
339
31
554
390
986
93
908
359
196
388
512
242
987
432
904
677
424
802
455
798
509
967
856
131
35
137
758
131
746
820
47
581
762
401
436
872
784
421
927
192
335
998
151
474
530
171
542
149
616
357
555
938
19
356
38
363
40
0
934
402
735
497
187
189
891
868
512
782
603
664
87
852
979
762
30
957
624
714
196
837
459
55
984
149
342
772
911
668
377
601
406
925
720
217
206
711
522
242
529
788
573
382
506
486
743
317
198
30
708
0
941
289
98
640
330
902
138
394
28
458
694
446
822
242
491
877
983
650
823
58
208
724
651
529
261
64
201
146
474
464
785
97
517
177
637
422
150
108
620
475
0
355
855
307
721
952
184
608
280
882
484
110
923
766
650
257
602
226
101
971
760
87
230
56
41
42
992
755
328
409
718
17
380
633
486
678
876
534
563
473
357
697
829
690
700
963
620
38
171
525
138
415
565
289
256
167
265
475
806
128
0
909
161
574
597
521
405
497
48
763
6
10
643
650
704
842
770
932
907
199
200
325
839
666
862
705
750
372
521
981
700
464
653
322
488
98
154
380
162
250
885
449
865
648
26
986
269
309
900
266
635
453
517
227
375
49
156
641
847
582
853
747
335
160
794
602
57
861
532
457
94
11
163
507
470
748
23
68
850
490
513
193
572
234
829
944
780
90
519
114
680
179
950
417
754
10
173
219
904
832
738
829
360
733
187
840
550
178
926
754
559
720
731
782
327
926
528
739
388
631
568
278
516
277
213
210
396
292
208
634
750
363
897
113
152
750
971
877
772
484
273
628
875
621
586
15
821
299
933
736
796
658
644
99
203
6
673
310
779
45
494
972
505
433
759
844
176
362
46
888
747
670
652
127
218
902
93
774
807
370
729
714
786
970
337
420
644
514
173
49
734
818
326
487
577
70
424
337
385
412
238
79
587
255
604
782
702
521
134
240
322
464
78
163
376
819
720
867
16
225
93
819
291
889
923
205
947
959
682
407
848
66
707
353
49
174
194
714
943
955
141
895
429
730
831
11
588
660
888
878
456
199
729
640
232
547
759
554
103
263
356
80
848
299
531
602
631
356
403
369
97
943
351
403
960
913
512
672
998
519
118
98
107
458
731
536
822
106
812
138
860
38
331
423
294
936
472
874
854
684
855
286
611
942
777
751
56
619
638
271
399
540
436
390
722
171
777
276
148
902
321
666
115
592
862
834
867
75
282
691
486
397
805
283
167
405
328
401
137
609
885
407
873
778
455
638
649
122
459
437
260
437
226
427
826
464
836
474
648
776
403
494
734
558
560
496
631
662
221
636
187
858
176
378
239
912
494
748
470
329
707
79
791
903
687
192
348
408
311
938
364
685
191
168
569
410
845
759
757
148
456
407
203
61
229
274
191
982
990
498
581
855
260
978
935
177
313
402
575
339
884
445
754
699
680
408
297
268
246
958
276
206
467
930
49
536
930
745
434
585
314
31
906
890
843
132
655
102
461
835
651
528
706
664
318
734
66
598
328
472
532
443
102
198
342
319
976
330
247
589
734
85
742
740
471
893
662
113
824
989
650
232
156
984
650
973
46
631
761
93
745
611
280
650
113
593
202
120
411
346
279
153
798
355
646
621
304
0
821
436
661
484
623
421
137
397
871
614
303
831
84
648
798
700
735
630
514
509
252
235
953
113
737
853
615
281
434
208
880
508
965
229
918
165
659
512
450
545
493
15
330
606
625
640
160
137
730
277
332
838
799
253
677
65
622
981
597
593
37
116
196
995
778
518
588
798
969
182
40
784
996
207
382
383
40
600
245
153
795
244
699
458
697
534
415
815
577
350
220
530
691
725
21
799
52
41
149
148
823
421
469
875
890
858
454
241
540
264
260
108
763
123
39
125
875
258
640
545
421
216
437
885
463
110
324
836
673
844
594
270
173
626
132
345
461
635
858
469
305
893
191
609
736
735
128
534
119
949
363
843
230
896
451
422
231
545
290
351
892
174
953
377
908
257
334
143
702
939
867
283
174
368
556
105
729
711
438
330
498
563
89
836
829
44
774
988
14
391
750
851
96
162
889
686
123
805
901
97
35
259
299
715
806
99
226
291
178
54
910
78
184
617
546
653
684
379
585
331
215
64
877
200
934
976
204
932
185
871
180
647
638
452
14
931
755
688
940
335
310
297
663
555
865
600
516
894
622
689
313
251
35
472
985
327
246
897
31
261
182
769
752
520
328
45
373
57
64
39
544
777
975
247
39
841
528
559
385
450
850
578
855
570
258
650
242
846
198
637
878
43
38
180
723
116
222
111
854
428
675
127
840
714
519
248
961
511
158
882
267
318
563
172
419
25
450
358
440
920
756
18
862
955
385
391
824
458
6
778
206
662
256
608
54
698
765
58
883
977
887
10
512
159
38
914
601
147
336
899
74
431
889
691
186
626
198
20
347
445
522
882
123
888
286
844
101
866
80
881
372
600
429
362
389
736
110
192
102
988
553
742
888
624
633
596
550
984
672
70
858
527
892
158
896
900
365
180
114
99
376
388
175
413
308
374
90
941
818
83
642
739
929
208
320
43
292
429
678
653
95
951
578
754
695
989
235
276
670
221
350
241
40
667
424
640
693
745
570
839
478
161
953
942
363
672
36
247
744
733
372
485
481
635
395
808
738
572
664
717
413
17
778
138
243
441
794
92
911
758
262
929
347
256
216
570
603
104
349
686
527
879
899
378
370
707
304
339
677
924
378
947
908
816
130
399
872
655
846
397
251
530
857
953
685
841
419
249
388
958
30
108
695
58
113
256
640
148
545
390
266
883
523
870
550
788
605
518
706
223
246
184
924
908
565
959
543
481
299
462
58
169
569
657
886
108
344
499
177
96
905
78
171
398
593
726
734
244
353
993
164
345
886
297
821
49
721
911
786
777
908
31
862
514
386
791
103
363
698
215
140
746
660
250
63
45
846
129
918
129
426
996
906
639
778
12
756
386
271
410
517
854
124
841
897
571
498
514
688
789
187
108
827
108
204
343
928
508
136
365
252
398
106
674
267
123
847
284
437
697
188
451
71
506
107
337
478
24
267
321
196
101
248
450
879
421
748
648
177
361
548
186
545
10
795
336
392
399
586
351
29
854
200
446
387
377
390
289
626
875
304
102
808
50
612
231
46
121
291
577
80
385
614
675
722
299
295
95
155
360
638
711
185
55
975
960
462
443
91
827
960
969
105
269
511
305
63
278
351
577
691
416
207
531
616
355
872
679
631
702
681
902
486
165
392
342
529
664
419
209
200
420
308
926
683
716
341
790
548
293
788
122
354
447
238
365
595
261
270
592
119
374
400
798
414
699
263
939
27
64
253
235
846
280
916
22
341
310
451
922
646
461
772
761
373
569
204
871
292
963
211
559
367
248
185
120
771
214
909
535
340
11
105
891
494
659
805
803
41
559
555
245
165
578
59
505
303
460
54
131
515
635
317
895
760
689
68
299
320
764
449
263
519
55
831
215
991
452
865
880
719
828
665
78
125
144
173
770
233
801
5
897
929
97
769
449
139
556
247
988
155
574
443
412
273
335
193
166
923
96
365
21
267
679
905
784
913
912
233
51
332
700
316
219
186
312
828
641
901
617
102
574
777
125
839
311
846
101
34
562
859
150
448
22
658
629
545
335
670
126
244
163
396
121
687
593
644
260
449
732
730
797
306
447
764
246
90
42
775
271
220
2
384
776
528
750
179
196
664
542
514
20
688
986
875
520
484
138
423
864
846
18
279
762
969
327
470
684
614
973
546
50
343
358
135
436
926
214
218
659
939
280
446
628
485
429
264
221
782
989
848
912
136
590
615
126
175
168
233
338
94
136
458
993
778
583
886
336
698
890
851
861
958
722
749
342
901
595
866
263
935
694
628
794
611
202
76
24
491
313
559
163
41
121
363
284
607
635
578
828
888
68
67
578
197
203
111
831
1
961
304
216
487
165
921
864
578
624
135
202
620
108
336
786
369
769
61
265
247
806
177
838
273
59
417
201
948
527
664
514
628
232
254
684
545
139
802
141
709
570
382
945
404
467
817
281
172
550
993
425
689
181
886
487
74
252
99
35
108
232
235
60
830
791
178
960
910
725
37
347
264
684
517
394
784
499
342
210
513
632
666
860
210
431
995
360
657
270
755
793
821
806
487
774
359
122
361
309
945
904
580
133
939
350
325
131
339
102
886
144
943
522
310
144
61
836
673
909
816
165
628
430
441
954
974
427
287
440
577
39
659
936
783
23
315
373
501
607
932
254
529
718
694
325
578
688
703
784
964
348
717
947
564
788
868
333
466
166
951
240
569
40
872
977
277
308
154
45
45
105
794
543
916
104
11
301
419
615
264
169
30
3
686
556
126
850
906
577
847
996
419
900
325
610
342
594
506
560
735
154
13
236
515
322
594
304
983
37
84
813
138
859
144